-0.22851562 -0.087890625 -0.20507812
-0.125 0.029296875 -0.1015625
-0.001953125 -0.1015625 0.017578125
0.29101562 -0.1015625 0.31054688
-0.40429688 -0.099609375 -0.38476562
0.119140625 -0.099609375 0.13867188
-0.001953125 -0.0625 0.017578125
0.29101562 -0.0625 0.31054688
-0.40429688 -0.060546875 -0.38476562
0.119140625 -0.060546875 0.13867188
-0.001953125 -0.0234375 0.017578125
0.29101562 -0.0234375 0.31054688
-0.40429688 -0.021484375 -0.38476562
0.119140625 -0.021484375 0.13867188
-0.001953125 0.015625 0.017578125
0.29101562 0.015625 0.31054688
-0.40429688 0.017578125 -0.38476562
0.119140625 0.017578125 0.13867188
-0.11816406 -0.10253906 -0.099609375
-0.11816406 -0.06542969 -0.099609375
-0.23339844 -0.045898438 -0.21484375
-0.11816406 -0.028320312 -0.099609375
-0.23339844 -0.0087890625 -0.21484375
-0.23339844 0.028320312 -0.21484375
0.40625 -0.068359375 0.42382812
0.40234375 0.021484375 0.41992188
-0.061523438 -0.10449219 -0.044921875
0.034179688 -0.10449219 0.05078125
0.32714844 -0.10449219 0.34375
-0.36816406 -0.10253906 -0.3515625
-0.33496094 -0.10253906 -0.31835938
-0.3017578 -0.10253906 -0.28515625
0.15527344 -0.10253906 0.171875
0.18847656 -0.10253906 0.20507812
0.22167969 -0.10253906 0.23828125
-0.36816406 -0.030273438 -0.3515625
-0.33496094 -0.030273438 -0.31835938
0.15527344 -0.030273438 0.171875
0.18847656 -0.030273438 0.20507812
0.32714844 -0.020507812 0.34375
0.36035156 -0.020507812 0.37695312
-0.36816406 0.051757812 -0.3515625
-0.33496094 0.051757812 -0.31835938
-0.3017578 0.051757812 -0.28515625
-0.0048828125 0.051757812 0.01171875
0.15527344 0.051757812 0.171875
0.18847656 0.051757812 0.20507812
0.22167969 0.051757812 0.23828125
0.28808594 0.051757812 0.3046875
0.359375 -0.103515625 0.375
-0.40820312 0.052734375 -0.39257812
0.115234375 0.052734375 0.13085938
0.4033203 0.053710938 0.41796875
0.3876953 -0.10058594 0.40039062
-0.033203125 -0.109375 -0.021484375
0.0625 -0.109375 0.07421875
-0.19335938 -0.05859375 -0.18164062
-0.30664062 -0.03515625 -0.29492188
-0.1796875 -0.03515625 -0.16796875
0.21679688 -0.03515625 0.22851562
-0.16601562 -0.01171875 -0.15429688
0.39941406 -0.040039062 0.41015625
0.3876953 -0.018554688 0.3984375
-0.24121094 0.057617188 -0.23046875
-0.15917969 0.0087890625 -0.15039062
-0.12890625 -0.001953125 -0.12109375
-0.11328125 -0.001953125 -0.10546875
-0.22265625 0.0546875 -0.21484375
-0.13085938 0.060546875 -0.123046875
-0.115234375 0.060546875 -0.107421875
0.40722656 -0.09472656 0.4140625
-0.19824219 -0.08105469 -0.19140625
0.40527344 -0.0048828125 0.41210938
0.38476562 -0.001953125 0.390625
-0.15625 0.0234375 -0.15039062
-0.24707031 -0.11621094 -0.2421875
-0.23730469 -0.11621094 -0.23242188
-0.22753906 -0.11621094 -0.22265625
-0.21777344 -0.11621094 -0.21289062
-0.040039062 -0.09277344 -0.03515625
-0.030273438 -0.09277344 -0.025390625
0.055664062 -0.09277344 0.060546875
0.06542969 -0.09277344 0.0703125
0.41503906 -0.045898438 0.41992188
0.38378906 -0.036132812 0.38867188
-0.31347656 -0.018554688 -0.30859375
-0.30371094 -0.018554688 -0.29882812
0.20996094 -0.018554688 0.21484375
0.21972656 -0.018554688 0.22460938
-0.20117188 -0.09375 -0.19726562
-0.17773438 -0.052734375 -0.17382812
-0.19726562 -0.04296875 -0.19335938
-0.1640625 -0.029296875 -0.16015625
-0.18359375 -0.01953125 -0.1796875
-0.15039062 -0.005859375 -0.14648438
0.39453125 -0.00390625 0.3984375
-0.14648438 0.001953125 -0.14257812
-0.15234375 0.033203125 -0.1484375
-0.38867188 0.041015625 -0.38476562
0.13476562 0.041015625 0.13867188
-0.38867188 0.048828125 -0.38476562
0.13476562 0.048828125 0.13867188
-0.38867188 0.056640625 -0.38476562
-0.103515625 0.056640625 -0.099609375
0.13476562 0.056640625 0.13867188
-0.38867188 0.064453125 -0.38476562
-0.103515625 0.064453125 -0.099609375
0.13476562 0.064453125 0.13867188
0.421875 0.064453125 0.42578125
0.3779297 -0.11621094 0.38085938
0.4033203 -0.10644531 0.40625
0.4169922 -0.09082031 0.41992188
0.38378906 -0.08496094 0.38671875
-0.18847656 -0.07519531 -0.18554688
-0.20996094 -0.061523438 -0.20703125
0.41308594 -0.038085938 0.41601562
-0.19433594 -0.036132812 -0.19140625
0.4013672 -0.026367188 0.40429688
0.4013672 -0.0146484375 0.40429688
-0.18066406 -0.0126953125 -0.17773438
-0.10253906 -0.0068359375 -0.099609375
-0.10253906 -9.765625E-4 -0.099609375
0.41503906 9.765625E-4 0.41796875
-0.17285156 0.0029296875 -0.16992188
0.0146484375 0.038085938 0.017578125
0.3076172 0.038085938 0.31054688
0.0146484375 0.043945312 0.017578125
0.3076172 0.043945312 0.31054688
0.0146484375 0.049804688 0.017578125
0.3076172 0.049804688 0.31054688
-0.14160156 0.055664062 -0.13867188
0.0146484375 0.055664062 0.017578125
0.3076172 0.055664062 0.31054688
0.0146484375 0.061523438 0.017578125
0.3076172 0.061523438 0.31054688
-0.22753906 0.06542969 -0.22460938
-0.22167969 0.06542969 -0.21875
0.3828125 -0.1171875 0.38476562
-0.2109375 -0.115234375 -0.20898438
0.38671875 -0.115234375 0.38867188
0.390625 -0.115234375 0.39257812
-0.203125 -0.103515625 -0.20117188
0.40820312 -0.103515625 0.41015625
-0.203125 -0.099609375 -0.20117188
-0.0234375 -0.095703125 -0.021484375
0.072265625 -0.095703125 0.07421875
0.41601562 -0.095703125 0.41796875
-0.0234375 -0.091796875 -0.021484375
0.072265625 -0.091796875 0.07421875
-0.1953125 -0.08984375 -0.19335938
-0.18945312 -0.080078125 -0.1875
0.38671875 -0.080078125 0.38867188
-0.203125 -0.072265625 -0.20117188
-0.19921875 -0.072265625 -0.19726562
-0.1953125 -0.072265625 -0.19335938
-0.1796875 -0.0625 -0.17773438
-0.1796875 -0.05859375 -0.17773438
-0.20898438 -0.056640625 -0.20703125
-0.171875 -0.048828125 -0.16992188
0.421875 -0.048828125 0.42382812
0.38671875 -0.044921875 0.38867188
-0.16601562 -0.0390625 -0.1640625
-0.16601562 -0.03515625 -0.1640625
0.41210938 -0.033203125 0.4140625
-0.19335938 -0.03125 -0.19140625
-0.15820312 -0.025390625 -0.15625
-0.296875 -0.021484375 -0.29492188
0.2265625 -0.021484375 0.22851562
-0.296875 -0.017578125 -0.29492188
0.2265625 -0.017578125 0.22851562
-0.15234375 -0.015625 -0.15039062
-0.15234375 -0.01171875 -0.15039062
-0.1796875 -0.0078125 -0.17773438
0.4140625 -0.00390625 0.41601562
0.375 -0.001953125 0.37695312
0.39257812 0.001953125 0.39453125
0.39648438 0.001953125 0.3984375
-0.140625 0.00390625 -0.13867188
-0.103515625 0.00390625 -0.1015625
0.3828125 0.005859375 0.38476562
-0.16992188 0.0078125 -0.16796875
-0.1640625 0.01953125 -0.16210938
-0.28320312 0.037109375 -0.28125
0.24023438 0.037109375 0.2421875
-0.15234375 0.0390625 -0.15039062
-0.28320312 0.041015625 -0.28125
0.24023438 0.041015625 0.2421875
0.38671875 0.041015625 0.38867188
0.41992188 0.041015625 0.421875
-0.15039062 0.04296875 -0.1484375
-0.28320312 0.044921875 -0.28125
0.24023438 0.044921875 0.2421875
0.38671875 0.044921875 0.38867188
0.41992188 0.044921875 0.421875
-0.28320312 0.048828125 -0.28125
0.24023438 0.048828125 0.2421875
0.38671875 0.048828125 0.38867188
0.41992188 0.048828125 0.421875
-0.28320312 0.052734375 -0.28125
0.24023438 0.052734375 0.2421875
0.38671875 0.052734375 0.38867188
0.41992188 0.052734375 0.421875
-0.28320312 0.056640625 -0.28125
0.24023438 0.056640625 0.2421875
0.41992188 0.056640625 0.421875
-0.28320312 0.060546875 -0.28125
-0.140625 0.060546875 -0.13867188
0.24023438 0.060546875 0.2421875
-0.28320312 0.064453125 -0.28125
-0.21679688 0.064453125 -0.21484375
0.24023438 0.064453125 0.2421875
0.42773438 0.064453125 0.4296875
0.013671875 0.06640625 0.015625
0.30664062 0.06640625 0.30859375
