-0.23828125 -0.06640625 -0.21484375
-0.033203125 -0.087890625 -0.017578125
-0.41601562 -0.015625 -0.40039062
0.078125 -0.015625 0.09375
0.24609375 0.017578125 0.26171875
0.25683594 -0.08886719 0.27148438
-0.41308594 -0.07519531 -0.3984375
0.08105469 -0.07519531 0.095703125
-0.41503906 -0.045898438 -0.40039062
0.07910156 -0.045898438 0.09375
0.2998047 0.024414062 0.31445312
-0.041992188 0.026367188 -0.02734375
-0.041992188 0.055664062 -0.02734375
-0.00390625 -0.09375 0.009765625
0.25390625 -0.060546875 0.26757812
-0.03515625 -0.05859375 -0.021484375
0.25 -0.033203125 0.26367188
-0.0390625 -0.015625 -0.025390625
-0.41796875 0.013671875 -0.40429688
0.076171875 0.013671875 0.08984375
-0.25390625 0.01953125 -0.24023438
-0.15039062 0.01953125 -0.13671875
-0.25390625 0.046875 -0.24023438
0.24804688 0.046875 0.26171875
-0.1640625 0.072265625 -0.15039062
-0.06347656 -0.08886719 -0.05078125
0.3544922 -0.047851562 0.3671875
-0.14941406 -0.032226562 -0.13671875
-0.24902344 -0.030273438 -0.23632812
-0.14941406 -0.0068359375 -0.13671875
-0.4169922 0.040039062 -0.40429688
0.07714844 0.040039062 0.08984375
0.24902344 0.07324219 0.26171875
-0.32421875 -0.099609375 -0.3125
0.16992188 -0.099609375 0.18164062
-0.34960938 -0.095703125 -0.33789062
0.14453125 -0.095703125 0.15625
0.28320312 -0.095703125 0.29492188
-0.14453125 -0.072265625 -0.1328125
-0.25195312 -0.005859375 -0.24023438
-0.35742188 0.0 -0.34570312
0.13671875 0.0 0.1484375
0.2734375 0.021484375 0.28515625
-0.15039062 0.044921875 -0.13867188
-0.25 0.072265625 -0.23828125
-0.0390625 0.08203125 -0.02734375
-0.36523438 0.087890625 -0.35351562
0.12890625 0.087890625 0.140625
-0.38867188 0.08984375 -0.37695312
0.10546875 0.08984375 0.1171875
-0.3720703 -0.09277344 -0.36132812
0.020507812 -0.09277344 0.03125
0.12207031 -0.09277344 0.1328125
0.30566406 -0.09277344 0.31640625
-0.21777344 -0.032226562 -0.20703125
0.35058594 -0.024414062 0.36132812
-0.21191406 -0.0107421875 -0.20117188
0.24511719 -0.0087890625 0.25585938
-0.38964844 0.0048828125 -0.37890625
0.10449219 0.0048828125 0.115234375
-0.20410156 0.0107421875 -0.19335938
-0.19628906 0.032226562 -0.18554688
0.3486328 0.061523438 0.359375
-0.41503906 0.06347656 -0.40429688
0.07910156 0.06347656 0.08984375
-0.3173828 0.07519531 -0.30664062
0.17675781 0.07519531 0.1875
-0.34277344 0.08105469 -0.33203125
0.15136719 0.08105469 0.16210938
-0.13671875 -0.095703125 -0.12695312
-0.087890625 -0.0859375 -0.078125
0.32617188 -0.0859375 0.3359375
0.34570312 -0.0703125 0.35546875
0.33789062 -0.00390625 0.34765625
0.32421875 0.044921875 0.33398438
-0.1875 0.052734375 -0.17773438
-0.33691406 9.765625E-4 -0.328125
0.15722656 9.765625E-4 0.16601562
0.36816406 0.07714844 0.37695312
-0.24023438 -0.09765625 -0.23242188
-0.390625 -0.091796875 -0.3828125
0.103515625 -0.091796875 0.111328125
-0.15234375 -0.052734375 -0.14453125
-0.04296875 -0.037109375 -0.03515625
0.22265625 0.017578125 0.23046875
-0.40820312 0.08203125 -0.40039062
0.0859375 0.08203125 0.09375
-0.30566406 -0.09863281 -0.29882812
0.18847656 -0.09863281 0.1953125
0.23535156 -0.09277344 0.2421875
-0.047851562 0.0048828125 -0.041015625
-0.034179688 0.0048828125 -0.02734375
0.32128906 0.0048828125 0.328125
-0.2998047 0.07714844 -0.29296875
0.19433594 0.07714844 0.20117188
0.2529297 0.09277344 0.25976562
0.3720703 0.09277344 0.37890625
0.037109375 -0.087890625 0.04296875
-0.029296875 -0.0390625 -0.0234375
-0.18359375 0.068359375 -0.17773438
-0.25 0.08984375 -0.24414062
0.2607422 -0.10839844 0.265625
-0.2529297 -0.09667969 -0.24804688
-0.22753906 -0.09667969 -0.22265625
0.3408203 -0.08496094 0.34570312
-0.3935547 -0.07910156 -0.38867188
0.10058594 -0.07910156 0.10546875
-0.13964844 -0.055664062 -0.13476562
0.35253906 -0.0087890625 0.35742188
-0.37402344 -0.0029296875 -0.36914062
0.12011719 -0.0029296875 0.125
-0.37402344 0.0068359375 -0.36914062
0.12011719 0.0068359375 0.125
0.31933594 0.016601562 0.32421875
0.3076172 0.043945312 0.3125
0.3388672 0.045898438 0.34375
0.3330078 0.059570312 0.33789062
-0.14550781 0.061523438 -0.140625
0.26660156 0.08886719 0.27148438
-0.032226562 0.09863281 -0.02734375
-0.41015625 -0.09375 -0.40625
-0.40234375 -0.09375 -0.3984375
0.083984375 -0.09375 0.087890625
0.091796875 -0.09375 0.095703125
0.359375 -0.06640625 0.36328125
0.31054688 0.005859375 0.31445312
0.33203125 0.009765625 0.3359375
0.31835938 0.03125 0.32226562
0.36328125 0.0625 0.3671875
-0.14648438 0.0703125 -0.14257812
0.3515625 0.076171875 0.35546875
-0.24023438 0.087890625 -0.23632812
-0.40429688 0.09375 -0.40039062
-0.0234375 0.09375 -0.01953125
0.08984375 0.09375 0.09375
-0.13574219 -0.10839844 -0.1328125
0.25097656 -0.10644531 0.25390625
0.2685547 -0.10644531 0.27148438
-0.12402344 -0.10449219 -0.12109375
0.31933594 -0.09863281 0.32226562
0.034179688 -0.09667969 0.037109375
-0.4189453 -0.09277344 -0.41601562
-0.21972656 -0.09277344 -0.21679688
0.07519531 -0.09277344 0.078125
-0.14941406 -0.09082031 -0.14648438
-0.3095703 -0.08886719 -0.30664062
0.18457031 -0.08886719 0.1875
-0.10058594 -0.08691406 -0.09765625
0.23535156 -0.08300781 0.23828125
-0.3857422 -0.08105469 -0.3828125
0.10839844 -0.08105469 0.111328125
0.026367188 -0.07910156 0.029296875
0.032226562 -0.07910156 0.03515625
0.32910156 -0.07324219 0.33203125
-0.21191406 -0.051757812 -0.20898438
-0.14160156 -0.047851562 -0.13867188
-0.21191406 -0.045898438 -0.20898438
0.3642578 -0.032226562 0.3671875
0.3642578 -0.026367188 0.3671875
0.33691406 -0.018554688 0.33984375
0.25878906 -0.016601562 0.26171875
0.25878906 -0.0107421875 0.26171875
0.25878906 -0.0048828125 0.26171875
0.3251953 -0.0048828125 0.328125
-0.19824219 -0.0029296875 -0.1953125
-0.21777344 0.0029296875 -0.21484375
0.22753906 0.0068359375 0.23046875
-0.20996094 0.024414062 -0.20703125
0.22753906 0.028320312 0.23046875
-0.18261719 0.040039062 -0.1796875
0.2998047 0.041992188 0.30273438
-0.20019531 0.045898438 -0.19726562
0.3466797 0.047851562 0.34960938
-0.17480469 0.055664062 -0.171875
0.3251953 0.057617188 0.328125
-0.26464844 0.06347656 -0.26171875
-0.4189453 0.07714844 -0.41601562
-0.18066406 0.07714844 -0.17773438
-0.14746094 0.07714844 -0.14453125
0.07519531 0.07714844 0.078125
-0.23535156 0.08105469 -0.23242188
0.26464844 0.08105469 0.26757812
0.3798828 0.08300781 0.3828125
-0.024414062 0.08691406 -0.021484375
-0.32910156 0.08886719 -0.32617188
-0.16503906 0.08886719 -0.16210938
-0.15917969 0.08886719 -0.15625
0.16503906 0.08886719 0.16796875
0.24121094 0.08886719 0.24414062
-0.35058594 0.09472656 -0.34765625
0.14355469 0.09472656 0.14648438
-0.041992188 0.09667969 -0.0390625
0.2626953 0.09667969 0.265625
0.26757812 -0.111328125 0.26953125
-0.13085938 -0.109375 -0.12890625
-0.31054688 -0.107421875 -0.30859375
-0.140625 -0.107421875 -0.13867188
0.18359375 -0.107421875 0.18554688
-0.021484375 -0.10546875 -0.01953125
0.01171875 -0.10546875 0.013671875
0.23828125 -0.1015625 0.24023438
-0.125 -0.099609375 -0.123046875
-0.1484375 -0.09765625 -0.14648438
-0.083984375 -0.09765625 -0.08203125
-0.080078125 -0.09765625 -0.078125
0.32421875 -0.09765625 0.32617188
-0.125 -0.095703125 -0.123046875
-0.25976562 -0.09375 -0.2578125
0.33789062 -0.091796875 0.33984375
-0.3046875 -0.08984375 -0.30273438
0.18945312 -0.08984375 0.19140625
-0.15234375 -0.0859375 -0.15039062
-0.1484375 -0.0859375 -0.14648438
-0.13085938 -0.083984375 -0.12890625
0.23046875 -0.083984375 0.23242188
0.24023438 -0.083984375 0.2421875
0.34765625 -0.083984375 0.34960938
-0.099609375 -0.08203125 -0.09765625
-0.38085938 -0.080078125 -0.37890625
-0.37695312 -0.080078125 -0.375
-0.13085938 -0.080078125 -0.12890625
0.017578125 -0.080078125 0.01953125
0.021484375 -0.080078125 0.0234375
0.037109375 -0.080078125 0.0390625
0.11328125 -0.080078125 0.115234375
0.1171875 -0.080078125 0.119140625
0.31054688 -0.080078125 0.3125
0.31445312 -0.080078125 0.31640625
0.32421875 -0.07421875 0.32617188
0.33398438 -0.07421875 0.3359375
0.35742188 -0.07421875 0.359375
0.26953125 -0.072265625 0.27148438
-0.01953125 -0.0703125 -0.017578125
0.33398438 -0.0703125 0.3359375
0.26953125 -0.068359375 0.27148438
-0.15820312 -0.064453125 -0.15625
-0.21289062 -0.060546875 -0.2109375
-0.21289062 -0.056640625 -0.2109375
0.23828125 -0.05078125 0.24023438
-0.13671875 -0.048828125 -0.13476562
-0.234375 -0.041015625 -0.23242188
-0.23046875 -0.041015625 -0.22851562
-0.23046875 -0.037109375 -0.22851562
-0.033203125 -0.03125 -0.03125
-0.029296875 -0.03125 -0.02734375
-0.025390625 -0.03125 -0.0234375
-0.20507812 -0.029296875 -0.203125
-0.20507812 -0.025390625 -0.203125
0.36328125 -0.021484375 0.36523438
-0.22460938 -0.01953125 -0.22265625
-0.23828125 -0.015625 -0.23632812
-0.22460938 -0.015625 -0.22265625
-0.34375 -0.01171875 -0.34179688
-0.23828125 -0.01171875 -0.23632812
-0.19921875 -0.01171875 -0.19726562
0.15039062 -0.01171875 0.15234375
0.359375 -0.01171875 0.36132812
-0.33984375 -0.009765625 -0.33789062
0.15429688 -0.009765625 0.15625
-0.19921875 -0.0078125 -0.19726562
0.34960938 -0.001953125 0.3515625
0.2578125 0.0 0.25976562
-0.40234375 0.001953125 -0.40039062
0.091796875 0.001953125 0.09375
-0.40234375 0.005859375 -0.40039062
0.091796875 0.005859375 0.09375
0.26367188 0.005859375 0.265625
0.3046875 0.005859375 0.30664062
-0.21679688 0.0078125 -0.21484375
0.22265625 0.0078125 0.22460938
0.26757812 0.0078125 0.26953125
0.29882812 0.0078125 0.30078125
0.33789062 0.0078125 0.33984375
-0.40234375 0.009765625 -0.40039062
0.091796875 0.009765625 0.09375
-0.33984375 0.01171875 -0.33789062
0.15429688 0.01171875 0.15625
-0.40234375 0.013671875 -0.40039062
-0.37695312 0.013671875 -0.375
-0.19140625 0.013671875 -0.18945312
0.091796875 0.013671875 0.09375
0.1171875 0.013671875 0.119140625
0.32617188 0.013671875 0.328125
-0.40234375 0.017578125 -0.40039062
-0.3984375 0.017578125 -0.39648438
-0.39453125 0.017578125 -0.39257812
-0.19140625 0.017578125 -0.18945312
0.091796875 0.017578125 0.09375
0.095703125 0.017578125 0.09765625
0.099609375 0.017578125 0.1015625
0.32617188 0.017578125 0.328125
0.22265625 0.02734375 0.22460938
-0.20898438 0.029296875 -0.20703125
-0.18359375 0.033203125 -0.18164062
0.32421875 0.033203125 0.32617188
0.28125 0.03515625 0.28320312
0.3359375 0.0390625 0.33789062
0.29492188 0.041015625 0.296875
-0.19921875 0.05078125 -0.19726562
-0.17578125 0.05078125 -0.17382812
0.3125 0.05078125 0.31445312
0.3359375 0.052734375 0.33789062
-0.42773438 0.0546875 -0.42578125
0.06640625 0.0546875 0.068359375
0.3203125 0.056640625 0.32226562
0.36132812 0.056640625 0.36328125
-0.42773438 0.05859375 -0.42578125
0.06640625 0.05859375 0.068359375
-0.19335938 0.064453125 -0.19140625
0.36914062 0.064453125 0.37109375
0.3359375 0.06640625 0.33789062
-0.3359375 0.068359375 -0.33398438
-0.33203125 0.068359375 -0.33007812
-0.3046875 0.068359375 -0.30273438
-0.30078125 0.068359375 -0.29882812
-0.26367188 0.068359375 -0.26171875
0.15820312 0.068359375 0.16015625
0.16210938 0.068359375 0.1640625
0.18945312 0.068359375 0.19140625
0.19335938 0.068359375 0.1953125
-0.40234375 0.0703125 -0.40039062
0.091796875 0.0703125 0.09375
-0.33007812 0.072265625 -0.328125
-0.26367188 0.072265625 -0.26171875
-0.0546875 0.072265625 -0.052734375
0.1640625 0.072265625 0.16601562
-0.35742188 0.07421875 -0.35546875
0.13671875 0.07421875 0.13867188
0.26367188 0.07421875 0.265625
0.34570312 0.07421875 0.34765625
0.35742188 0.07421875 0.359375
-0.3984375 0.076171875 -0.39648438
-0.33007812 0.076171875 -0.328125
-0.23632812 0.076171875 -0.234375
-0.052734375 0.076171875 -0.05078125
0.095703125 0.076171875 0.09765625
0.1640625 0.076171875 0.16601562
0.35742188 0.078125 0.359375
0.37890625 0.078125 0.38085938
-0.33007812 0.080078125 -0.328125
-0.052734375 0.080078125 -0.05078125
-0.025390625 0.080078125 -0.0234375
0.1640625 0.080078125 0.16601562
-0.41796875 0.08203125 -0.41601562
-0.1796875 0.08203125 -0.17773438
0.076171875 0.08203125 0.078125
0.35546875 0.08203125 0.35742188
-0.33007812 0.083984375 -0.328125
-0.052734375 0.083984375 -0.05078125
0.1640625 0.083984375 0.16601562
-0.3046875 0.0859375 -0.30273438
-0.30078125 0.0859375 -0.29882812
-0.296875 0.0859375 -0.29492188
-0.2578125 0.0859375 -0.25585938
-0.234375 0.0859375 -0.23242188
0.18945312 0.0859375 0.19140625
0.19335938 0.0859375 0.1953125
0.19726562 0.0859375 0.19921875
-0.32421875 0.087890625 -0.32226562
-0.3203125 0.087890625 -0.31835938
-0.16992188 0.087890625 -0.16796875
-0.15429688 0.087890625 -0.15234375
0.16992188 0.087890625 0.171875
0.17382812 0.087890625 0.17578125
0.36132812 0.087890625 0.36328125
0.38085938 0.087890625 0.3828125
-0.41015625 0.091796875 -0.40820312
0.083984375 0.091796875 0.0859375
0.36328125 0.091796875 0.36523438
0.38085938 0.091796875 0.3828125
-0.34570312 0.09375 -0.34375
-0.2421875 0.09375 -0.24023438
0.1484375 0.09375 0.15039062
0.24414062 0.09375 0.24609375
0.26757812 0.095703125 0.26953125
0.38085938 0.095703125 0.3828125
-0.025390625 0.099609375 -0.0234375
-0.021484375 0.099609375 -0.01953125
-0.375 0.1015625 -0.37304688
0.119140625 0.1015625 0.12109375
