0.09765625 -0.12109375 0.11035156
-0.3486328 -0.15722656 -0.33691406
0.09667969 -0.15722656 0.10839844
-0.3486328 -0.13378906 -0.33691406
-0.3486328 -0.11035156 -0.33691406
0.09667969 -0.09667969 0.10839844
-0.35253906 -0.053710938 -0.3408203
-0.35253906 -0.030273438 -0.3408203
-0.35253906 -0.0068359375 -0.3408203
-0.21289062 0.049804688 -0.20117188
-0.21289062 0.07324219 -0.20117188
-0.21289062 0.09667969 -0.20117188
0.13232422 -0.0073242188 0.14355469
-0.2626953 -0.1328125 -0.25195312
-0.21875 -0.1328125 -0.20800781
0.18652344 -0.1328125 0.19726562
0.123046875 -0.12792969 0.13378906
0.21875 -0.12402344 0.22949219
-0.18554688 -0.12109375 -0.17480469
0.009765625 -0.12109375 0.020507812
0.26367188 -0.11425781 0.27441406
-0.2626953 -0.111328125 -0.25195312
-0.21875 -0.111328125 -0.20800781
0.18652344 -0.111328125 0.19726562
-0.2939453 -0.10546875 -0.28320312
0.21875 -0.10253906 0.22949219
-0.18554688 -0.099609375 -0.17480469
0.009765625 -0.099609375 0.020507812
0.26367188 -0.09277344 0.27441406
0.18652344 -0.08984375 0.19726562
0.13183594 -0.0546875 0.14257812
-0.16796875 -0.048828125 -0.15722656
0.13183594 -0.033203125 0.14257812
-0.16796875 -0.02734375 -0.15722656
-0.053710938 -0.020507812 -0.04296875
-0.0126953125 -0.020507812 -0.001953125
0.27734375 -0.017578125 0.28808594
0.028320312 -0.0087890625 0.0390625
-0.16796875 -0.005859375 -0.15722656
-0.053710938 9.765625E-4 -0.04296875
-0.0126953125 9.765625E-4 -0.001953125
0.27734375 0.00390625 0.28808594
0.028320312 0.0126953125 0.0390625
0.13183594 0.0146484375 0.14257812
-0.06738281 0.07421875 -0.056640625
-0.0234375 0.07421875 -0.0126953125
0.0087890625 0.08300781 0.01953125
0.053710938 0.09277344 0.064453125
-0.06738281 0.095703125 -0.056640625
-0.0234375 0.095703125 -0.0126953125
0.0087890625 0.10449219 0.01953125
0.053710938 0.11425781 0.064453125
-0.29833984 -0.14794922 -0.28808594
-0.095214844 -0.13330078 -0.08496094
0.3383789 -0.13330078 0.3486328
-0.14111328 -0.11279297 -0.13085938
-0.095214844 -0.11279297 -0.08496094
0.29248047 -0.11279297 0.30273438
0.3383789 -0.11279297 0.3486328
-0.095214844 -0.092285156 -0.08496094
0.3383789 -0.092285156 0.3486328
-0.21826172 -0.09033203 -0.20800781
-0.35009766 -0.088378906 -0.33984375
-0.3803711 -0.05517578 -0.3701172
-0.3305664 -0.05517578 -0.3203125
-0.2709961 -0.014160156 -0.2607422
0.100097656 -0.014160156 0.11035156
-0.2709961 0.0063476562 -0.2607422
0.100097656 0.0063476562 0.11035156
-0.3540039 0.015136719 -0.34375
0.12841797 0.07373047 0.13867188
0.08251953 0.09423828 0.09277344
0.12841797 0.09423828 0.13867188
0.12841797 0.114746094 0.13867188
-0.022949219 0.11669922 -0.0126953125
-0.21435547 0.118652344 -0.20410156
-0.19384766 0.118652344 -0.18359375
-0.17333984 0.118652344 -0.16308594
-0.06738281 -0.11328125 -0.057617188
-0.12988281 -0.009765625 -0.12011719
0.20117188 -0.009765625 0.2109375
-0.14257812 0.09375 -0.1328125
-0.09667969 0.09375 -0.08691406
0.15722656 0.09375 0.16699219
-0.020996094 -0.11669922 -0.01171875
-0.3305664 -0.087402344 -0.32128906
-0.24072266 -0.022949219 -0.23144531
0.32666016 -0.022949219 0.3359375
-0.083496094 -0.013183594 -0.07421875
0.2475586 -0.013183594 0.25683594
0.1538086 -0.011230469 0.16308594
-0.20263672 0.0034179688 -0.19335938
0.3647461 0.0034179688 0.37402344
-0.31298828 0.0053710938 -0.30371094
0.05810547 0.0053710938 0.06738281
0.20361328 0.09033203 0.21289062
-0.328125 -0.16015625 -0.31933594
0.14550781 -0.095703125 0.15429688
0.18408203 -0.16064453 0.19238281
0.25146484 -0.13623047 0.25976562
-0.30517578 -0.12548828 -0.296875
-0.2602539 -0.092285156 -0.25195312
-0.31298828 -0.088378906 -0.3046875
0.016113281 -0.032714844 0.024414062
-0.16552734 0.013183594 -0.15722656
0.041503906 0.07080078 0.049804688
-0.064941406 0.114746094 -0.056640625
-0.12402344 -0.13671875 -0.11621094
0.3095703 -0.13671875 0.3173828
-0.15917969 -0.13378906 -0.15136719
0.036132812 -0.13378906 0.043945312
-0.125 -0.08984375 -0.1171875
0.30859375 -0.08984375 0.31640625
-0.09765625 -0.07421875 -0.08984375
0.3359375 -0.07421875 0.34375
0.30371094 -0.030273438 0.31152344
0.16699219 0.009765625 0.17480469
-0.12109375 0.0703125 -0.11328125
0.099609375 0.0703125 0.107421875
0.09863281 0.1171875 0.10644531
-0.12109375 0.12207031 -0.11328125
0.12597656 0.1328125 0.13378906
0.1459961 -0.1616211 0.15332031
0.13330078 -0.14697266 0.140625
-0.32958984 -0.12548828 -0.32226562
-0.064941406 -0.096191406 -0.057617188
-0.2446289 -0.08642578 -0.23730469
-0.1274414 0.0073242188 -0.12011719
0.20361328 0.0073242188 0.2109375
-0.24072266 0.011230469 -0.23339844
0.32666016 0.011230469 0.33398438
-0.14013672 0.110839844 -0.1328125
-0.100097656 0.110839844 -0.09277344
0.15966797 0.110839844 0.16699219
-0.049316406 0.12060547 -0.041992188
-0.045898438 -0.13769531 -0.0390625
0.21484375 -0.08496094 0.22167969
-0.046875 -0.083984375 -0.040039062
-0.13671875 -0.06933594 -0.12988281
0.296875 -0.06933594 0.30371094
-0.10839844 -0.034179688 -0.1015625
0.22265625 -0.034179688 0.22949219
-0.030273438 -0.03125 -0.0234375
-0.20605469 -0.028320312 -0.19921875
0.36132812 -0.028320312 0.36816406
-0.3095703 -0.02734375 -0.30273438
0.061523438 -0.02734375 0.068359375
-0.22363281 -0.0087890625 -0.21679688
0.34375 -0.0087890625 0.35058594
-0.057617188 0.018554688 -0.05078125
-0.016601562 0.018554688 -0.009765625
-0.109375 0.01953125 -0.10253906
0.22167969 0.01953125 0.22851562
0.17871094 0.06933594 0.18554688
-0.103515625 0.076171875 -0.09667969
-0.13671875 0.07714844 -0.12988281
0.0048828125 0.12207031 0.01171875
0.17773438 0.123046875 0.18457031
0.08691406 0.13769531 0.09375
-0.1381836 -0.1303711 -0.13183594
0.29541016 -0.1303711 0.3017578
0.13232422 -0.110839844 0.13867188
-0.023925781 -0.091308594 -0.017578125
-0.123535156 -0.06201172 -0.1171875
0.3100586 -0.06201172 0.31640625
-0.29638672 -0.03466797 -0.29003906
-0.22509766 -0.03466797 -0.21875
0.07470703 -0.03466797 0.08105469
0.34228516 -0.03466797 0.3486328
-0.28076172 -0.033691406 -0.27441406
-0.1508789 -0.033691406 -0.14453125
0.09033203 -0.033691406 0.09667969
0.16845703 -0.033691406 0.17480469
-0.08642578 0.012207031 -0.080078125
0.2446289 0.012207031 0.25097656
-0.1508789 0.017089844 -0.14453125
-0.22705078 0.020019531 -0.22070312
0.34033203 0.020019531 0.3466797
0.08544922 0.076660156 0.091796875
0.2006836 0.115722656 0.20703125
0.100097656 0.14501953 0.10644531
0.09082031 -0.13964844 0.09667969
0.10253906 -0.13964844 0.10839844
-0.19042969 -0.13769531 -0.18457031
0.0048828125 -0.13769531 0.0107421875
-0.033203125 -0.13671875 -0.02734375
-0.059570312 -0.1328125 -0.053710938
-0.051757812 -0.11230469 -0.045898438
-0.040039062 -0.11230469 -0.034179688
-0.13964844 -0.09667969 -0.13378906
0.2939453 -0.09667969 0.2998047
-0.29882812 -0.08886719 -0.29296875
-0.111328125 -0.0625 -0.10546875
0.32226562 -0.0625 0.328125
0.27246094 -0.034179688 0.2783203
-0.095703125 -0.033203125 -0.08984375
0.23535156 -0.033203125 0.24121094
-0.12207031 -0.029296875 -0.11621094
0.20898438 -0.029296875 0.21484375
0.030273438 -0.025390625 0.036132812
-0.11425781 -0.0087890625 -0.10839844
-0.10253906 -0.0087890625 -0.09667969
0.21679688 -0.0087890625 0.22265625
0.22851562 -0.0087890625 0.234375
-0.21191406 0.018554688 -0.20605469
0.35546875 0.018554688 0.36132812
-0.30566406 0.020507812 -0.2998047
0.06542969 0.020507812 0.07128906
0.19140625 0.0703125 0.19726562
0.16503906 0.07421875 0.17089844
0.17285156 0.09472656 0.17871094
0.18457031 0.09472656 0.19042969
0.083984375 0.11035156 0.08984375
0.11230469 0.14453125 0.11816406
-0.31396484 -0.16259766 -0.30859375
0.23779297 -0.13330078 0.24316406
0.26513672 -0.13134766 0.2705078
-0.19091797 -0.083496094 -0.18554688
-0.18017578 -0.083496094 -0.17480469
0.0043945312 -0.083496094 0.009765625
0.015136719 -0.083496094 0.020507812
-0.18408203 -0.03466797 -0.17871094
-0.29052734 -0.009277344 -0.28515625
0.080566406 -0.009277344 0.0859375
0.27197266 0.020019531 0.27734375
0.28271484 0.020019531 0.28808594
0.027832031 0.07373047 0.033203125
0.05517578 0.075683594 0.060546875
-0.03515625 -0.0859375 -0.030273438
0.15917969 -0.08496094 0.1640625
0.0029296875 -0.030273438 0.0078125
-0.09765625 0.017578125 -0.09277344
0.23339844 0.017578125 0.23828125
-0.29492188 0.01953125 -0.29003906
0.076171875 0.01953125 0.08105469
0.18945312 0.12109375 0.19433594
-0.18017578 -0.13916016 -0.17578125
0.015136719 -0.13916016 0.01953125
0.21240234 -0.13916016 0.21679688
0.2211914 -0.13916016 0.22558594
-0.111816406 -0.13330078 -0.107421875
0.32177734 -0.13330078 0.32617188
-0.022949219 -0.13134766 -0.018554688
-0.3178711 -0.12841797 -0.31347656
0.1430664 -0.10986328 0.14746094
-0.11279297 -0.09326172 -0.10839844
0.32080078 -0.09326172 0.3251953
0.14697266 -0.08251953 0.15136719
-0.060058594 -0.03564453 -0.055664062
-0.05126953 -0.03564453 -0.046875
-0.019042969 -0.03564453 -0.0146484375
0.28271484 -0.03564453 0.28710938
-0.27001953 -0.029785156 -0.265625
0.10107422 -0.029785156 0.10546875
-0.08544922 -0.027832031 -0.08105469
0.24560547 -0.027832031 0.25
0.15771484 -0.025878906 0.16210938
-0.2368164 -0.009277344 -0.23242188
0.3305664 -0.009277344 0.33496094
-0.3022461 -0.008300781 -0.29785156
0.068847656 -0.008300781 0.07324219
0.17919922 0.020019531 0.18359375
-0.27490234 0.020996094 -0.2705078
-0.26611328 0.020996094 -0.26171875
0.096191406 0.020996094 0.10058594
0.10498047 0.020996094 0.109375
0.0024414062 0.067871094 0.0068359375
0.011230469 0.067871094 0.015625
0.111816406 0.07373047 0.11621094
0.20166016 0.075683594 0.20605469
0.110839844 0.11376953 0.115234375
-0.10888672 0.122558594 -0.10449219
-0.3046875 -0.16308594 -0.30078125
-0.17089844 -0.12890625 -0.16699219
0.024414062 -0.12890625 0.028320312
-0.06933594 -0.12695312 -0.06542969
-0.23339844 -0.09082031 -0.22949219
0.22558594 -0.087890625 0.22949219
-0.059570312 -0.08496094 -0.055664062
0.2919922 -0.025390625 0.29589844
-0.13183594 -0.0234375 -0.12792969
0.19921875 -0.0234375 0.203125
-0.21289062 -0.009765625 -0.20898438
0.3544922 -0.009765625 0.35839844
-0.046875 0.015625 -0.04296875
-0.005859375 0.015625 -0.001953125
-0.20214844 0.016601562 -0.19824219
0.36523438 0.016601562 0.36914062
-0.12207031 0.018554688 -0.11816406
0.20898438 0.018554688 0.21289062
0.16796875 0.021484375 0.171875
0.15527344 0.080078125 0.15917969
-0.038085938 0.11621094 -0.034179688
0.015625 0.119140625 0.01953125
-0.13476562 0.12207031 -0.13085938
0.16503906 0.12207031 0.16894531
0.15673828 -0.16552734 0.16015625
0.1352539 -0.15771484 0.13867188
-0.31396484 -0.1538086 -0.31054688
0.14404297 -0.1508789 0.14746094
0.122558594 -0.1430664 0.12597656
-0.29345703 -0.12060547 -0.29003906
0.13720703 -0.12060547 0.140625
0.13330078 -0.10107422 0.13671875
0.088378906 -0.08154297 0.091796875
0.095214844 -0.08154297 0.09863281
0.10205078 -0.08154297 0.10546875
-0.2553711 -0.080566406 -0.25195312
-0.10205078 -0.06298828 -0.09863281
0.33154297 -0.06298828 0.33496094
-0.31689453 -0.06201172 -0.31347656
-0.31689453 -0.05517578 -0.31347656
-0.31689453 -0.048339844 -0.31347656
-0.23486328 -0.036621094 -0.23144531
0.33251953 -0.036621094 0.3359375
-0.3100586 -0.0073242188 -0.30664062
0.061035156 -0.0073242188 0.064453125
0.1665039 -0.0014648438 0.16992188
0.15478516 0.0014648438 0.15820312
-0.28466797 0.016113281 -0.28125
0.08642578 0.016113281 0.08984375
-0.31591797 0.018066406 -0.3125
0.05517578 0.018066406 0.05859375
-0.060058594 0.12646484 -0.056640625
0.12158203 0.14404297 0.125
-0.29785156 -0.16113281 -0.29492188
-0.2939453 -0.13476562 -0.29101562
-0.31933594 -0.12109375 -0.31640625
0.15722656 -0.09277344 0.16015625
-0.29003906 -0.091796875 -0.28710938
-0.13671875 -0.087890625 -0.13378906
0.296875 -0.087890625 0.2998047
0.22460938 -0.08105469 0.22753906
-0.3671875 -0.0625 -0.3642578
-0.3671875 -0.056640625 -0.3642578
-0.3671875 -0.05078125 -0.3642578
-0.21582031 -0.038085938 -0.21289062
0.3515625 -0.038085938 0.3544922
0.17773438 -0.037109375 0.18066406
0.02734375 -0.03515625 0.030273438
-0.01171875 -0.034179688 -0.0087890625
-0.21582031 -0.032226562 -0.21289062
0.3515625 -0.032226562 0.3544922
-0.040039062 -0.029296875 -0.037109375
0.16503906 -0.024414062 0.16796875
-0.20605469 -0.009765625 -0.203125
0.36132812 -0.009765625 0.3642578
-0.23632812 0.021484375 -0.23339844
0.3310547 0.021484375 0.33398438
-0.047851562 0.022460938 -0.044921875
-0.0068359375 0.022460938 -0.00390625
-0.11035156 0.06640625 -0.107421875
-0.13183594 0.06738281 -0.12890625
-0.09375 0.07910156 -0.09082031
-0.14648438 0.080078125 -0.14355469
-0.11035156 0.115234375 -0.107421875
0.08691406 0.119140625 0.08984375
-0.1015625 0.12109375 -0.09863281
0.0146484375 0.12597656 0.017578125
0.19482422 -0.1665039 0.19726562
0.19482422 -0.1616211 0.19726562
0.19482422 -0.15673828 0.19726562
-0.13427734 -0.14013672 -0.13183594
0.26220703 -0.14013672 0.26464844
0.2993164 -0.14013672 0.3017578
-0.1694336 -0.1352539 -0.16699219
0.025878906 -0.1352539 0.028320312
-0.030761719 -0.12841797 -0.028320312
-0.14697266 -0.12646484 -0.14453125
0.2866211 -0.12646484 0.2890625
0.123535156 -0.114746094 0.12597656
-0.07470703 -0.10107422 -0.072265625
-0.13134766 -0.100097656 -0.12890625
0.3022461 -0.100097656 0.3046875
-0.015136719 -0.095214844 -0.0126953125
-0.027832031 -0.08251953 -0.025390625
0.1665039 -0.080566406 0.16894531
-0.1459961 -0.07373047 -0.14355469
0.28759766 -0.07373047 0.29003906
-0.096191406 -0.063964844 -0.09375
0.33740234 -0.063964844 0.33984375
-0.13427734 -0.060058594 -0.13183594
0.2993164 -0.060058594 0.3017578
-0.21044922 -0.037597656 -0.20800781
0.3569336 -0.037597656 0.359375
-0.3071289 -0.036621094 -0.3046875
0.063964844 -0.036621094 0.06640625
-0.24169922 -0.03466797 -0.23925781
0.3256836 -0.03466797 0.328125
0.29345703 -0.03173828 0.29589844
-0.19677734 -0.025878906 -0.19433594
0.37060547 -0.025878906 0.37304688
-0.31884766 -0.024902344 -0.31640625
-0.09326172 -0.024902344 -0.09082031
0.052246094 -0.024902344 0.0546875
0.23779297 -0.024902344 0.24023438
0.019042969 -0.021972656 0.021484375
-0.24560547 -0.011230469 -0.24316406
0.32177734 -0.011230469 0.32421875
-0.21435547 -0.0034179688 -0.21191406
0.35302734 -0.0034179688 0.35546875
-0.13720703 0.0024414062 -0.13476562
0.19384766 0.0024414062 0.19628906
-0.25048828 0.0063476562 -0.24804688
0.31689453 0.0063476562 0.31933594
-0.07763672 0.008300781 -0.07519531
0.25341797 0.008300781 0.25585938
0.1772461 0.012207031 0.1796875
-0.09033203 0.020996094 -0.087890625
0.24072266 0.020996094 0.24316406
-0.15966797 0.023925781 -0.15722656
0.052246094 0.06689453 0.0546875
0.08935547 0.06689453 0.091796875
0.19384766 0.07861328 0.19628906
0.076660156 0.080566406 0.07910156
-0.14990234 0.10595703 -0.14746094
-0.09033203 0.10595703 -0.087890625
0.14990234 0.10595703 0.15234375
0.092285156 0.106933594 0.09472656
0.20947266 0.111816406 0.21191406
0.19677734 0.12451172 0.19921875
0.07763672 0.13330078 0.080078125
0.1274414 0.1430664 0.12988281
0.08935547 0.14697266 0.091796875
0.16210938 -0.16699219 0.1640625
0.13671875 -0.16308594 0.13867188
0.15527344 -0.16015625 0.15722656
-0.11425781 -0.140625 -0.11230469
-0.056640625 -0.140625 -0.0546875
0.24023438 -0.140625 0.2421875
0.31933594 -0.140625 0.32128906
-0.025390625 -0.13769531 -0.0234375
-0.3076172 -0.13574219 -0.30566406
-0.30371094 -0.13574219 -0.3017578
-0.2998047 -0.13574219 -0.29785156
-0.06738281 -0.1328125 -0.06542969
-0.016601562 -0.12890625 -0.0146484375
-0.12988281 -0.12695312 -0.12792969
-0.107421875 -0.12695312 -0.10546875
0.30371094 -0.12695312 0.30566406
0.32617188 -0.12695312 0.328125
0.13574219 -0.12597656 0.13769531
-0.06347656 -0.125 -0.061523438
-0.059570312 -0.125 -0.057617188
-0.17285156 -0.123046875 -0.17089844
0.022460938 -0.123046875 0.024414062
-0.28808594 -0.11816406 -0.2861328
-0.032226562 -0.11621094 -0.030273438
0.14257812 -0.11621094 0.14453125
0.11230469 -0.115234375 0.11425781
-0.032226562 -0.11230469 -0.030273438
-0.032226562 -0.10839844 -0.030273438
0.14941406 -0.10644531 0.15136719
-0.14746094 -0.10058594 -0.14550781
0.2861328 -0.10058594 0.28808594
-0.2705078 -0.09863281 -0.2685547
-0.23046875 -0.09667969 -0.22851562
0.13476562 -0.095703125 0.13671875
-0.2705078 -0.09472656 -0.2685547
-0.055664062 -0.09375 -0.053710938
-0.115234375 -0.08691406 -0.11328125
-0.06640625 -0.08691406 -0.064453125
0.31835938 -0.08691406 0.3203125
-0.23535156 -0.08496094 -0.23339844
-0.2626953 -0.08203125 -0.2607422
-0.087890625 -0.080078125 -0.0859375
0.2548828 -0.080078125 0.25683594
0.25878906 -0.080078125 0.2607422
0.2626953 -0.080078125 0.26464844
0.26660156 -0.080078125 0.2685547
0.2705078 -0.080078125 0.27246094
0.34570312 -0.080078125 0.34765625
-0.038085938 -0.07910156 -0.036132812
-0.034179688 -0.07910156 -0.032226562
-0.14550781 -0.06933594 -0.14355469
0.28808594 -0.06933594 0.29003906
-0.025390625 -0.040039062 -0.0234375
-0.119140625 -0.037109375 -0.1171875
0.005859375 -0.037109375 0.0078125
0.21191406 -0.037109375 0.21386719
-0.27246094 -0.036132812 -0.2705078
0.09863281 -0.036132812 0.10058594
-0.087890625 -0.034179688 -0.0859375
0.24316406 -0.034179688 0.24511719
0.16015625 -0.033203125 0.16210938
-0.12988281 -0.029296875 -0.12792969
0.20117188 -0.029296875 0.203125
-0.26367188 -0.026367188 -0.26171875
0.107421875 -0.026367188 0.109375
-0.07910156 -0.025390625 -0.07714844
0.25195312 -0.025390625 0.25390625
-0.041015625 -0.024414062 -0.0390625
0.15136719 -0.0234375 0.15332031
-0.12597656 -0.021484375 -0.12402344
-0.12207031 -0.021484375 -0.12011719
0.20507812 -0.021484375 0.20703125
0.20898438 -0.021484375 0.2109375
0.123046875 -0.020507812 0.125
0.12695312 -0.020507812 0.12890625
0.13085938 -0.020507812 0.1328125
0.13476562 -0.020507812 0.13671875
0.13867188 -0.020507812 0.140625
0.29003906 -0.01953125 0.2919922
-0.28320312 -0.013671875 -0.28125
0.087890625 -0.013671875 0.08984375
-0.09472656 -0.0126953125 -0.09277344
0.23632812 -0.0126953125 0.23828125
-0.28320312 -0.009765625 -0.28125
0.087890625 -0.009765625 0.08984375
-0.20117188 -0.0087890625 -0.19921875
-0.09472656 -0.0087890625 -0.09277344
0.23632812 -0.0087890625 0.23828125
0.36621094 -0.0087890625 0.36816406
0.16503906 -0.0078125 0.16699219
-0.3154297 -0.0068359375 -0.31347656
0.055664062 -0.0068359375 0.057617188
-0.09472656 -0.0048828125 -0.09277344
0.23632812 -0.0048828125 0.23828125
-0.3017578 -0.001953125 -0.2998047
0.06933594 -0.001953125 0.07128906
0.16015625 0.0 0.16210938
-0.17675781 0.0068359375 -0.17480469
0.15625 0.0068359375 0.15820312
-0.11816406 0.009765625 -0.11621094
0.21289062 0.009765625 0.21484375
-0.25 0.0107421875 -0.24804688
-0.17578125 0.0107421875 -0.17382812
0.3173828 0.0107421875 0.31933594
-0.19628906 0.0146484375 -0.19433594
0.37109375 0.0146484375 0.37304688
-0.12890625 0.016601562 -0.12695312
0.20214844 0.016601562 0.20410156
-0.24121094 0.020507812 -0.23925781
0.32617188 0.020507812 0.328125
-0.28808594 0.021484375 -0.2861328
0.08300781 0.021484375 0.08496094
-0.16503906 0.0234375 -0.16308594
0.18554688 0.0234375 0.1875
-0.10058594 0.024414062 -0.09863281
-0.09667969 0.024414062 -0.09472656
0.23046875 0.024414062 0.23242188
0.234375 0.024414062 0.23632812
0.030273438 0.06640625 0.032226562
0.109375 0.06640625 0.111328125
0.16796875 0.06640625 0.16992188
-0.10546875 0.06738281 -0.103515625
-0.13671875 0.068359375 -0.13476562
0.19921875 0.06933594 0.20117188
0.15722656 0.07421875 0.15917969
0.20800781 0.078125 0.20996094
0.09375 0.080078125 0.095703125
0.11621094 0.080078125 0.11816406
0.16113281 0.08203125 0.16308594
0.16503906 0.08203125 0.16699219
0.19238281 0.09082031 0.19433594
0.19238281 0.09472656 0.19433594
0.19238281 0.09863281 0.19433594
0.076171875 0.10644531 0.078125
-0.07519531 0.10839844 -0.07324219
-0.16113281 0.11035156 -0.15917969
-0.09082031 0.11035156 -0.08886719
-0.03515625 0.11035156 -0.033203125
-0.13085938 0.11230469 -0.12890625
-0.07519531 0.11230469 -0.07324219
0.16894531 0.11328125 0.17089844
-0.16113281 0.11425781 -0.15917969
-0.13085938 0.11621094 -0.12890625
-0.16113281 0.11816406 -0.15917969
-0.14160156 0.12011719 -0.13964844
0.10839844 0.12011719 0.11035156
0.15820312 0.12011719 0.16015625
-0.16113281 0.12207031 -0.15917969
-0.040039062 0.12207031 -0.038085938
-0.06738281 0.125 -0.06542969
-0.16113281 0.12597656 -0.15917969
0.044921875 0.12695312 0.046875
0.048828125 0.12695312 0.05078125
0.052734375 0.12695312 0.0546875
0.056640625 0.12695312 0.05859375
0.060546875 0.12695312 0.0625
0.13574219 0.12695312 0.13769531
0.18652344 0.12792969 0.18847656
0.19042969 0.12792969 0.19238281
0.078125 0.13769531 0.080078125
-0.29345703 -0.16064453 -0.2919922
0.1303711 -0.15673828 0.13183594
0.14892578 -0.15283203 0.15039062
-0.2866211 -0.14990234 -0.28515625
0.12451172 -0.14990234 0.12597656
-0.2866211 -0.14697266 -0.28515625
0.14208984 -0.1459961 0.14355469
-0.2866211 -0.14404297 -0.28515625
-0.15673828 -0.1430664 -0.15527344
-0.1538086 -0.1430664 -0.15234375
0.03857422 -0.1430664 0.040039062
0.041503906 -0.1430664 0.04296875
0.22705078 -0.14208984 0.22851562
0.11767578 -0.14111328 0.119140625
-0.1381836 -0.13916016 -0.13671875
0.22705078 -0.13916016 0.22851562
0.26611328 -0.13916016 0.26757812
0.29541016 -0.13916016 0.296875
0.1352539 -0.1381836 0.13671875
-0.28955078 -0.13623047 -0.28808594
0.22705078 -0.13623047 0.22851562
0.23095703 -0.13427734 0.23242188
-0.18310547 -0.13330078 -0.18164062
-0.18017578 -0.13330078 -0.17871094
-0.1772461 -0.13330078 -0.17578125
0.012207031 -0.13330078 0.013671875
0.015136719 -0.13330078 0.016601562
0.018066406 -0.13330078 0.01953125
-0.1459961 -0.13134766 -0.14453125
0.23095703 -0.13134766 0.23242188
0.28759766 -0.13134766 0.2890625
-0.29541016 -0.1303711 -0.2939453
0.27197266 -0.12939453 0.2734375
0.23095703 -0.12841797 0.23242188
0.25146484 -0.12646484 0.2529297
0.25439453 -0.12646484 0.25585938
0.25732422 -0.12646484 0.25878906
0.27197266 -0.12646484 0.2734375
0.23095703 -0.12548828 0.23242188
-0.07470703 -0.12451172 -0.07324219
-0.3149414 -0.122558594 -0.31347656
-0.3149414 -0.119628906 -0.31347656
-0.30615234 -0.115722656 -0.3046875
-0.010253906 -0.11279297 -0.0087890625
0.12451172 -0.110839844 0.12597656
-0.010253906 -0.10986328 -0.0087890625
-0.106933594 -0.10107422 -0.10546875
0.32666016 -0.10107422 0.328125
-0.1274414 -0.099121094 -0.12597656
0.30615234 -0.099121094 0.3076172
-0.30615234 -0.09814453 -0.3046875
-0.106933594 -0.09814453 -0.10546875
0.15576172 -0.09814453 0.15722656
0.32666016 -0.09814453 0.328125
-0.14697266 -0.09716797 -0.14550781
-0.07470703 -0.09716797 -0.07324219
0.2866211 -0.09716797 0.28808594
-0.25048828 -0.095214844 -0.24902344
-0.106933594 -0.095214844 -0.10546875
0.32666016 -0.095214844 0.328125
-0.106933594 -0.092285156 -0.10546875
-0.03173828 -0.092285156 -0.030273438
0.32666016 -0.092285156 0.328125
-0.27001953 -0.091308594 -0.2685547
-0.016113281 -0.091308594 -0.0146484375
-0.056152344 -0.09033203 -0.0546875
-0.14111328 -0.08935547 -0.13964844
0.29248047 -0.08935547 0.2939453
-0.2915039 -0.087402344 -0.29003906
-0.111816406 -0.087402344 -0.11035156
0.32177734 -0.087402344 0.3232422
0.14013672 -0.08544922 0.14160156
0.15283203 -0.08544922 0.15429688
0.16552734 -0.084472656 0.16699219
-0.023925781 -0.083496094 -0.022460938
0.106933594 -0.083496094 0.10839844
0.15283203 -0.08251953 0.15429688
-0.30322266 -0.08154297 -0.3017578
0.106933594 -0.080566406 0.10839844
-0.05517578 -0.079589844 -0.053710938
0.15283203 -0.079589844 0.15429688
-0.25048828 -0.07763672 -0.24902344
-0.2475586 -0.07763672 -0.24609375
-0.088378906 -0.076660156 -0.08691406
0.34521484 -0.076660156 0.3466797
-0.088378906 -0.07373047 -0.08691406
0.34521484 -0.07373047 0.3466797
-0.12841797 -0.07080078 -0.12695312
-0.106933594 -0.07080078 -0.10546875
0.30517578 -0.07080078 0.30664062
0.32666016 -0.07080078 0.328125
-0.13916016 -0.061035156 -0.13769531
0.2944336 -0.061035156 0.29589844
-0.104003906 -0.05810547 -0.10253906
0.32958984 -0.05810547 0.3310547
-0.36865234 -0.04638672 -0.3671875
-0.36572266 -0.04638672 -0.3642578
-0.28857422 -0.040527344 -0.28710938
0.08251953 -0.040527344 0.083984375
-0.029785156 -0.03955078 -0.028320312
0.30615234 -0.03955078 0.3076172
0.30908203 -0.03955078 0.31054688
-0.045410156 -0.03857422 -0.043945312
0.1821289 -0.03857422 0.18359375
-0.28857422 -0.037597656 -0.28710938
-0.20654297 -0.037597656 -0.20507812
0.08251953 -0.037597656 0.083984375
0.36083984 -0.037597656 0.3623047
-0.31103516 -0.03564453 -0.3095703
-0.045410156 -0.03564453 -0.043945312
0.060058594 -0.03564453 0.061523438
-0.28857422 -0.03466797 -0.28710938
0.08251953 -0.03466797 0.083984375
-0.24560547 -0.033691406 -0.24414062
-0.03857422 -0.033691406 -0.037109375
0.03173828 -0.033691406 0.033203125
0.32177734 -0.033691406 0.3232422
-0.045410156 -0.032714844 -0.043945312
0.17626953 -0.032714844 0.17773438
-0.28857422 -0.03173828 -0.28710938
0.08251953 -0.03173828 0.083984375
-0.1977539 -0.030761719 -0.19628906
0.3696289 -0.030761719 0.37109375
-0.3178711 -0.029785156 -0.31640625
0.053222656 -0.029785156 0.0546875
0.27978516 -0.029785156 0.28125
0.28271484 -0.029785156 0.2841797
0.28564453 -0.029785156 0.28710938
-0.21435547 -0.027832031 -0.21289062
-0.18798828 -0.027832031 -0.18652344
-0.1850586 -0.027832031 -0.18359375
-0.1821289 -0.027832031 -0.18066406
0.35302734 -0.027832031 0.3544922
-0.30126953 -0.026855469 -0.2998047
0.06982422 -0.026855469 0.07128906
-0.28076172 -0.025878906 -0.27929688
-0.27783203 -0.025878906 -0.2763672
0.09033203 -0.025878906 0.091796875
0.09326172 -0.025878906 0.09472656
0.1694336 -0.025878906 0.17089844
-4.8828125E-4 -0.023925781 9.765625E-4
-0.25146484 -0.022949219 -0.25
0.022949219 -0.022949219 0.024414062
0.31591797 -0.022949219 0.3173828
-0.13720703 -0.020996094 -0.13574219
0.19384766 -0.020996094 0.1953125
-0.25146484 -0.020019531 -0.25
0.16455078 -0.020019531 0.16601562
0.31591797 -0.020019531 0.3173828
-0.22998047 -0.017089844 -0.22851562
0.33740234 -0.017089844 0.3388672
-0.072753906 -0.009277344 -0.07128906
0.25830078 -0.009277344 0.25976562
-0.1977539 -0.0073242188 -0.19628906
0.3696289 -0.0073242188 0.37109375
-0.2836914 -0.0063476562 -0.28222656
-0.072753906 -0.0063476562 -0.07128906
0.087402344 -0.0063476562 0.08886719
0.25830078 -0.0063476562 0.25976562
0.14501953 -4.8828125E-4 0.14648438
-0.2133789 4.8828125E-4 -0.21191406
0.17138672 4.8828125E-4 0.17285156
0.3540039 4.8828125E-4 0.35546875
-0.19189453 0.0034179688 -0.19042969
0.37548828 0.0034179688 0.37695312
-0.32373047 0.0053710938 -0.32226562
0.04736328 0.0053710938 0.048828125
-0.34228516 0.0063476562 -0.3408203
-0.13720703 0.0063476562 -0.13574219
0.19384766 0.0063476562 0.1953125
-0.32373047 0.008300781 -0.32226562
0.04736328 0.008300781 0.048828125
0.17626953 0.008300781 0.17773438
-0.34228516 0.009277344 -0.3408203
0.15771484 0.010253906 0.15917969
-0.28271484 0.011230469 -0.28125
-0.09423828 0.011230469 -0.09277344
0.088378906 0.011230469 0.08984375
0.2368164 0.011230469 0.23828125
-0.34228516 0.012207031 -0.3408203
-0.2319336 0.012207031 -0.23046875
-0.07861328 0.012207031 -0.07714844
0.2524414 0.012207031 0.25390625
0.33544922 0.012207031 0.33691406
-0.118652344 0.013183594 -0.1171875
0.21240234 0.013183594 0.21386719
-0.17529297 0.014160156 -0.17382812
-0.34228516 0.015136719 -0.3408203
-0.21923828 0.015136719 -0.21777344
0.34814453 0.015136719 0.34960938
-0.32080078 0.016113281 -0.31933594
0.05029297 0.016113281 0.051757812
-0.34228516 0.018066406 -0.3408203
-0.21923828 0.018066406 -0.21777344
0.34814453 0.018066406 0.34960938
0.16259766 0.019042969 0.1640625
0.17333984 0.019042969 0.17480469
-0.08642578 0.020019531 -0.08496094
0.2446289 0.020019531 0.24609375
-0.34228516 0.020996094 -0.3408203
-0.21923828 0.020996094 -0.21777344
0.34814453 0.020996094 0.34960938
-0.20458984 0.021972656 -0.203125
0.17333984 0.021972656 0.17480469
0.36279297 0.021972656 0.3642578
-0.3149414 0.022949219 -0.31347656
-0.16845703 0.022949219 -0.16699219
0.056152344 0.022949219 0.057617188
-0.34228516 0.023925781 -0.3408203
-0.21923828 0.023925781 -0.21777344
-0.11767578 0.023925781 -0.11621094
0.2133789 0.023925781 0.21484375
0.34814453 0.023925781 0.34960938
-0.15576172 0.024902344 -0.15429688
-0.15283203 0.024902344 -0.15136719
0.017089844 0.064941406 0.018554688
-0.10205078 0.067871094 -0.10058594
0.017089844 0.067871094 0.018554688
0.056152344 0.067871094 0.057617188
0.08544922 0.067871094 0.08691406
-0.111816406 0.07080078 -0.11035156
0.017089844 0.07080078 0.018554688
0.020996094 0.072753906 0.022460938
-0.111816406 0.07373047 -0.11035156
-0.095214844 0.07373047 -0.09375
-0.14501953 0.07470703 -0.14355469
0.020996094 0.075683594 0.022460938
0.07763672 0.075683594 0.07910156
-0.111816406 0.076660156 -0.11035156
0.06201172 0.07763672 0.06347656
0.020996094 0.07861328 0.022460938
0.041503906 0.080566406 0.04296875
0.044433594 0.080566406 0.045898438
0.04736328 0.080566406 0.048828125
0.06201172 0.080566406 0.06347656
0.020996094 0.08154297 0.022460938
-0.08935547 0.08251953 -0.087890625
0.14990234 0.08251953 0.15136719
0.21435547 0.09423828 0.21582031
0.21435547 0.09716797 0.21582031
0.11669922 0.10595703 0.11816406
0.096191406 0.107910156 0.09765625
0.11669922 0.10888672 0.11816406
-0.14990234 0.10986328 -0.1484375
0.076660156 0.10986328 0.078125
0.14990234 0.10986328 0.15136719
-0.05517578 0.111816406 -0.053710938
0.11669922 0.111816406 0.11816406
-0.091308594 0.11376953 -0.08984375
0.11669922 0.114746094 0.11816406
0.1928711 0.114746094 0.19433594
-0.07470703 0.115722656 -0.07324219
0.2084961 0.115722656 0.20996094
0.16845703 0.11669922 0.16992188
0.08251953 0.11767578 0.083984375
-0.09716797 0.119628906 -0.095703125
0.111816406 0.119628906 0.11328125
0.2006836 0.123535156 0.20214844
-0.13134766 0.1274414 -0.12988281
0.1694336 0.1274414 0.17089844
-0.111816406 0.12841797 -0.11035156
-0.05517578 0.12939453 -0.053710938
-0.052246094 0.12939453 -0.05078125
0.1352539 0.1303711 0.13671875
0.1352539 0.13330078 0.13671875
0.095214844 0.13623047 0.09667969
0.11669922 0.13623047 0.11816406
0.084472656 0.1459961 0.0859375
0.119628906 0.14892578 0.12109375
0.16503906 -0.16796875 0.16601562
0.13769531 -0.16601562 0.13867188
-0.2998047 -0.16503906 -0.29882812
0.16113281 -0.1640625 0.16210938
0.15820312 -0.16113281 0.15917969
-0.29101562 -0.15917969 -0.29003906
0.15429688 -0.15722656 0.15527344
-0.31835938 -0.15625 -0.3173828
-0.3095703 -0.15625 -0.30859375
-0.31835938 -0.15429688 -0.3173828
-0.3095703 -0.15429688 -0.30859375
-0.28710938 -0.15332031 -0.2861328
0.15136719 -0.15332031 0.15234375
0.19335938 -0.15332031 0.19433594
0.1953125 -0.15332031 0.19628906
-0.31835938 -0.15234375 -0.3173828
-0.3095703 -0.15234375 -0.30859375
-0.3095703 -0.15039062 -0.30859375
0.1484375 -0.15039062 0.14941406
-0.3095703 -0.1484375 -0.30859375
0.12207031 -0.14746094 0.123046875
0.12402344 -0.14746094 0.125
0.14453125 -0.14648438 0.14550781
-0.15136719 -0.14355469 -0.15039062
-0.038085938 -0.14355469 -0.037109375
-0.036132812 -0.14355469 -0.03515625
-0.034179688 -0.14355469 -0.033203125
0.043945312 -0.14355469 0.044921875
0.11816406 -0.14355469 0.119140625
0.14160156 -0.14355469 0.14257812
-0.16210938 -0.14257812 -0.16113281
-0.16015625 -0.14257812 -0.15917969
-0.053710938 -0.14257812 -0.052734375
0.033203125 -0.14257812 0.034179688
0.03515625 -0.14257812 0.036132812
-0.28710938 -0.14160156 -0.2861328
-0.059570312 -0.140625 -0.05859375
-0.053710938 -0.140625 -0.052734375
-0.026367188 -0.140625 -0.025390625
0.23730469 -0.140625 0.23828125
-0.28710938 -0.13964844 -0.2861328
-0.16796875 -0.13964844 -0.16699219
-0.111328125 -0.13964844 -0.11035156
-0.061523438 -0.13964844 -0.060546875
0.02734375 -0.13964844 0.028320312
0.115234375 -0.13964844 0.11621094
0.32226562 -0.13964844 0.3232422
-0.140625 -0.13867188 -0.13964844
0.13769531 -0.13867188 0.13867188
0.29296875 -0.13867188 0.2939453
-0.022460938 -0.13769531 -0.021484375
-0.06640625 -0.13574219 -0.06542969
0.13476562 -0.13574219 0.13574219
-0.10644531 -0.13476562 -0.10546875
0.111328125 -0.13476562 0.11230469
0.32714844 -0.13476562 0.328125
-0.17285156 -0.13378906 -0.171875
0.022460938 -0.13378906 0.0234375
-0.10644531 -0.1328125 -0.10546875
-0.017578125 -0.1328125 -0.016601562
0.111328125 -0.1328125 0.11230469
0.32714844 -0.1328125 0.328125
-0.0703125 -0.13183594 -0.06933594
0.27148438 -0.13183594 0.27246094
-0.10644531 -0.13085938 -0.10546875
0.111328125 -0.13085938 0.11230469
0.32714844 -0.13085938 0.328125
-0.052734375 -0.12988281 -0.051757812
-0.03515625 -0.12988281 -0.034179688
0.13476562 -0.12988281 0.13574219
0.111328125 -0.12890625 0.11230469
-0.12695312 -0.12792969 -0.12597656
-0.11035156 -0.12792969 -0.109375
0.30664062 -0.12792969 0.3076172
0.3232422 -0.12792969 0.32421875
-0.07421875 -0.12695312 -0.07324219
-0.013671875 -0.12695312 -0.0126953125
0.111328125 -0.12695312 0.11230469
0.23339844 -0.12695312 0.234375
-0.29589844 -0.12597656 -0.29492188
-0.15039062 -0.12597656 -0.14941406
-0.056640625 -0.12597656 -0.055664062
-0.2939453 -0.125 -0.29296875
-0.03125 -0.125 -0.030273438
0.111328125 -0.125 0.11230469
-0.16992188 -0.12402344 -0.16894531
-0.13085938 -0.12402344 -0.12988281
-0.10644531 -0.12402344 -0.10546875
0.025390625 -0.12402344 0.026367188
0.30273438 -0.12402344 0.30371094
0.32714844 -0.12402344 0.328125
0.111328125 -0.123046875 0.11230469
0.23046875 -0.123046875 0.23144531
-0.2890625 -0.12207031 -0.28808594
0.111328125 -0.12109375 0.11230469
-0.17382812 -0.12011719 -0.17285156
0.021484375 -0.12011719 0.022460938
0.14160156 -0.12011719 0.14257812
-0.0107421875 -0.119140625 -0.009765625
0.111328125 -0.119140625 0.11230469
-0.28515625 -0.1171875 -0.2841797
-0.0107421875 -0.1171875 -0.009765625
0.115234375 -0.11621094 0.11621094
0.12011719 -0.11621094 0.12109375
0.13964844 -0.11621094 0.140625
-0.0107421875 -0.115234375 -0.009765625
-0.078125 -0.11425781 -0.07714844
-0.078125 -0.11230469 -0.07714844
0.111328125 -0.11230469 0.11230469
-0.078125 -0.11035156 -0.07714844
0.1484375 -0.11035156 0.14941406
-0.28222656 -0.10839844 -0.28125
-0.078125 -0.10839844 -0.07714844
0.125 -0.10839844 0.12597656
-0.0107421875 -0.107421875 -0.009765625
-0.28222656 -0.10644531 -0.28125
-0.28222656 -0.10449219 -0.28125
-0.12988281 -0.103515625 -0.12890625
0.12792969 -0.103515625 0.12890625
0.30371094 -0.103515625 0.3046875
0.12890625 -0.1015625 0.12988281
-0.30566406 -0.10058594 -0.3046875
0.15527344 -0.10058594 0.15625
-0.22949219 -0.099609375 -0.22851562
-0.109375 -0.099609375 -0.10839844
0.32421875 -0.099609375 0.3251953
-0.3388672 -0.09765625 -0.33789062
-0.30859375 -0.09765625 -0.3076172
-0.056640625 -0.09765625 -0.055664062
-0.01171875 -0.09667969 -0.0107421875
-0.23339844 -0.095703125 -0.23242188
-0.14648438 -0.09472656 -0.14550781
-0.07421875 -0.09472656 -0.07324219
0.28710938 -0.09472656 0.28808594
-0.2861328 -0.09375 -0.28515625
-0.07324219 -0.09277344 -0.072265625
-0.052734375 -0.09277344 -0.051757812
0.13476562 -0.09277344 0.13574219
-0.2861328 -0.091796875 -0.28515625
-0.034179688 -0.091796875 -0.033203125
-0.013671875 -0.091796875 -0.0126953125
0.16113281 -0.091796875 0.16210938
0.13574219 -0.09082031 0.13671875
-0.26953125 -0.08886719 -0.2685547
-0.016601562 -0.08886719 -0.015625
-0.2890625 -0.087890625 -0.28808594
-0.06933594 -0.087890625 -0.068359375
-0.0546875 -0.087890625 -0.053710938
-0.23242188 -0.0859375 -0.23144531
-0.0546875 -0.0859375 -0.053710938
-0.13476562 -0.083984375 -0.13378906
-0.11621094 -0.083984375 -0.115234375
-0.06542969 -0.083984375 -0.064453125
-0.0546875 -0.083984375 -0.053710938
-0.021484375 -0.083984375 -0.020507812
0.29882812 -0.083984375 0.2998047
0.3173828 -0.083984375 0.31835938
-0.265625 -0.08300781 -0.26464844
-0.25976562 -0.08300781 -0.25878906
0.14160156 -0.08300781 0.14257812
0.22851562 -0.08300781 0.22949219
-0.30078125 -0.08203125 -0.2998047
-0.29882812 -0.08203125 -0.29785156
-0.23632812 -0.08203125 -0.23535156
-0.0546875 -0.08203125 -0.053710938
-0.25976562 -0.08105469 -0.25878906
0.22851562 -0.08105469 0.22949219
0.2734375 -0.08105469 0.27441406
-0.05859375 -0.080078125 -0.057617188
-0.03125 -0.080078125 -0.030273438
-0.3203125 -0.07910156 -0.31933594
-0.31835938 -0.07910156 -0.3173828
-0.31640625 -0.07910156 -0.3154297
-0.31445312 -0.07910156 -0.31347656
-0.3125 -0.07910156 -0.31152344
-0.25976562 -0.07910156 -0.25878906
-0.22753906 -0.07910156 -0.2265625
-0.22558594 -0.07910156 -0.22460938
-0.22363281 -0.07910156 -0.22265625
-0.22167969 -0.07910156 -0.22070312
-0.21972656 -0.07910156 -0.21875
-0.21777344 -0.07910156 -0.21679688
-0.21582031 -0.07910156 -0.21484375
-0.21386719 -0.07910156 -0.21289062
-0.21191406 -0.07910156 -0.2109375
-0.20996094 -0.07910156 -0.20898438
0.15527344 -0.07910156 0.15625
0.15722656 -0.07910156 0.15820312
0.15917969 -0.07910156 0.16015625
0.16113281 -0.07910156 0.16210938
0.16308594 -0.07910156 0.1640625
0.16992188 -0.07910156 0.17089844
0.22851562 -0.07910156 0.22949219
0.2734375 -0.07910156 0.27441406
-0.24511719 -0.078125 -0.24414062
-0.24316406 -0.078125 -0.2421875
-0.12890625 -0.07324219 -0.12792969
-0.10644531 -0.07324219 -0.10546875
0.3046875 -0.07324219 0.30566406
0.32714844 -0.07324219 0.328125
-0.08886719 -0.07128906 -0.087890625
0.34472656 -0.07128906 0.34570312
-0.12597656 -0.06933594 -0.125
-0.109375 -0.06933594 -0.10839844
0.3076172 -0.06933594 0.30859375
0.32421875 -0.06933594 0.3251953
-0.14550781 -0.06640625 -0.14453125
0.28808594 -0.06640625 0.2890625
-0.09277344 -0.06542969 -0.091796875
0.3408203 -0.06542969 0.34179688
-0.13085938 -0.061523438 -0.12988281
0.30273438 -0.061523438 0.30371094
-0.09765625 -0.060546875 -0.09667969
0.3359375 -0.060546875 0.33691406
-0.13085938 -0.059570312 -0.12988281
0.30273438 -0.059570312 0.30371094
-0.1015625 -0.05859375 -0.10058594
0.33203125 -0.05859375 0.3330078
-0.13085938 -0.057617188 -0.12988281
0.30273438 -0.057617188 0.30371094
-0.11621094 -0.055664062 -0.115234375
-0.11425781 -0.055664062 -0.11328125
0.3173828 -0.055664062 0.31835938
0.31933594 -0.055664062 0.3203125
-0.2861328 -0.041015625 -0.28515625
-0.022460938 -0.041015625 -0.021484375
0.08496094 -0.041015625 0.0859375
-0.10058594 -0.040039062 -0.099609375
-0.09863281 -0.040039062 -0.09765625
-0.09667969 -0.040039062 -0.095703125
0.23046875 -0.040039062 0.23144531
0.23242188 -0.040039062 0.23339844
0.234375 -0.040039062 0.23535156
0.31152344 -0.040039062 0.3125
-0.30371094 -0.0390625 -0.30273438
-0.11621094 -0.0390625 -0.115234375
-0.032226562 -0.0390625 -0.03125
0.025390625 -0.0390625 0.026367188
0.06738281 -0.0390625 0.068359375
0.18457031 -0.0390625 0.18554688
0.21484375 -0.0390625 0.21582031
0.30078125 -0.0390625 0.3017578
0.30273438 -0.0390625 0.30371094
-0.23925781 -0.038085938 -0.23828125
-0.013671875 -0.038085938 -0.0126953125
0.328125 -0.038085938 0.32910156
-0.30371094 -0.037109375 -0.30273438
-0.20410156 -0.037109375 -0.203125
-0.12207031 -0.037109375 -0.12109375
-0.11621094 -0.037109375 -0.115234375
-0.08886719 -0.037109375 -0.087890625
0.0029296875 -0.037109375 0.00390625
0.06738281 -0.037109375 0.068359375
0.16113281 -0.037109375 0.16210938
0.20898438 -0.037109375 0.20996094
0.21484375 -0.037109375 0.21582031
0.2421875 -0.037109375 0.24316406
0.36328125 -0.037109375 0.3642578
-0.26953125 -0.036132812 -0.2685547
-0.12402344 -0.036132812 -0.123046875
0.1015625 -0.036132812 0.10253906
0.18164062 -0.036132812 0.18261719
0.20703125 -0.036132812 0.20800781
0.29492188 -0.036132812 0.29589844
-0.31347656 -0.03515625 -0.3125
-0.30371094 -0.03515625 -0.30273438
0.057617188 -0.03515625 0.05859375
0.06738281 -0.03515625 0.068359375
-0.08496094 -0.034179688 -0.083984375
-0.0078125 -0.034179688 -0.0068359375
0.24609375 -0.034179688 0.24707031
0.17871094 -0.033203125 0.1796875
-0.12890625 -0.032226562 -0.12792969
-0.0078125 -0.032226562 -0.0068359375
-0.0029296875 -0.032226562 -0.001953125
0.034179688 -0.032226562 0.03515625
0.15722656 -0.032226562 0.15820312
0.20214844 -0.032226562 0.203125
-0.26464844 -0.03125 -0.26367188
0.10644531 -0.03125 0.107421875
0.17578125 -0.030273438 0.17675781
0.29003906 -0.030273438 0.29101562
-0.2890625 -0.029296875 -0.28808594
-0.26464844 -0.029296875 -0.26367188
-0.080078125 -0.029296875 -0.07910156
0.08203125 -0.029296875 0.08300781
0.10644531 -0.029296875 0.107421875
0.25097656 -0.029296875 0.25195312
-0.21679688 -0.028320312 -0.21582031
-0.1796875 -0.028320312 -0.17871094
-0.1328125 -0.028320312 -0.13183594
0.19824219 -0.028320312 0.19921875
0.35058594 -0.028320312 0.3515625
-0.25097656 -0.02734375 -0.25
-0.23046875 -0.02734375 -0.22949219
0.15234375 -0.02734375 0.15332031
0.31640625 -0.02734375 0.3173828
0.33691406 -0.02734375 0.33789062
-0.27539062 -0.026367188 -0.27441406
-0.115234375 -0.026367188 -0.11425781
-0.09765625 -0.026367188 -0.09667969
0.095703125 -0.026367188 0.09667969
0.171875 -0.026367188 0.17285156
0.21582031 -0.026367188 0.21679688
0.23339844 -0.026367188 0.234375
-0.25097656 -0.025390625 -0.25
-0.038085938 -0.025390625 -0.037109375
0.31640625 -0.025390625 0.3173828
0.001953125 -0.024414062 0.0029296875
0.037109375 -0.024414062 0.038085938
-0.13671875 -0.0234375 -0.13574219
-0.076171875 -0.0234375 -0.07519531
-0.025390625 -0.0234375 -0.024414062
0.0146484375 -0.0234375 0.015625
0.16894531 -0.0234375 0.16992188
0.19433594 -0.0234375 0.1953125
0.2548828 -0.0234375 0.25585938
-0.19824219 -0.022460938 -0.19726562
-0.19628906 -0.022460938 -0.1953125
-0.19433594 -0.022460938 -0.19335938
-0.119140625 -0.022460938 -0.11816406
0.037109375 -0.022460938 0.038085938
0.1484375 -0.022460938 0.14941406
0.21191406 -0.022460938 0.21289062
0.36914062 -0.022460938 0.3701172
0.37109375 -0.022460938 0.3720703
0.37304688 -0.022460938 0.37402344
-0.32128906 -0.021484375 -0.3203125
-0.31933594 -0.021484375 -0.31835938
-0.3173828 -0.021484375 -0.31640625
-0.09375 -0.021484375 -0.09277344
-0.041992188 -0.021484375 -0.041015625
-0.024414062 -0.021484375 -0.0234375
-9.765625E-4 -0.021484375 0.0
0.049804688 -0.021484375 0.05078125
0.051757812 -0.021484375 0.052734375
0.053710938 -0.021484375 0.0546875
0.14160156 -0.021484375 0.14257812
0.23730469 -0.021484375 0.23828125
0.022460938 -0.020507812 0.0234375
0.037109375 -0.020507812 0.038085938
0.29296875 -0.020507812 0.2939453
-0.041992188 -0.01953125 -0.041015625
0.14160156 -0.01953125 0.14257812
-0.25097656 -0.017578125 -0.25
0.31640625 -0.017578125 0.3173828
-0.28222656 -0.016601562 -0.28125
-0.22753906 -0.016601562 -0.2265625
-0.22558594 -0.016601562 -0.22460938
0.08886719 -0.016601562 0.08984375
0.2890625 -0.016601562 0.29003906
0.33984375 -0.016601562 0.3408203
0.34179688 -0.016601562 0.34277344
-0.25097656 -0.015625 -0.25
-0.07324219 -0.015625 -0.072265625
0.2578125 -0.015625 0.25878906
0.31640625 -0.015625 0.3173828
-0.07324219 -0.013671875 -0.072265625
0.2578125 -0.013671875 0.25878906
-0.296875 -0.0126953125 -0.29589844
-0.24902344 -0.0126953125 -0.24804688
-0.2421875 -0.0126953125 -0.24121094
-0.23144531 -0.0126953125 -0.23046875
0.07421875 -0.0126953125 0.07519531
0.31835938 -0.0126953125 0.31933594
0.3251953 -0.0126953125 0.32617188
0.3359375 -0.0126953125 0.33691406
-0.07324219 -0.01171875 -0.072265625
0.1640625 -0.01171875 0.16503906
0.2578125 -0.01171875 0.25878906
-0.296875 -0.0107421875 -0.29589844
-0.2421875 -0.0107421875 -0.24121094
-0.23144531 -0.0107421875 -0.23046875
-0.140625 -0.0107421875 -0.13964844
0.07421875 -0.0107421875 0.07519531
0.19042969 -0.0107421875 0.19140625
0.3251953 -0.0107421875 0.32617188
0.3359375 -0.0107421875 0.33691406
-0.296875 -0.0087890625 -0.29589844
-0.2421875 -0.0087890625 -0.24121094
-0.23144531 -0.0087890625 -0.23046875
-0.140625 -0.0087890625 -0.13964844
0.07421875 -0.0087890625 0.07519531
0.19042969 -0.0087890625 0.19140625
0.3251953 -0.0087890625 0.32617188
0.3359375 -0.0087890625 0.33691406
-0.24414062 -0.0078125 -0.24316406
0.3232422 -0.0078125 0.32421875
-0.296875 -0.0068359375 -0.29589844
-0.2421875 -0.0068359375 -0.24121094
-0.23144531 -0.0068359375 -0.23046875
-0.140625 -0.0068359375 -0.13964844
0.07421875 -0.0068359375 0.07519531
0.19042969 -0.0068359375 0.19140625
0.3251953 -0.0068359375 0.32617188
0.3359375 -0.0068359375 0.33691406
-0.31835938 -0.005859375 -0.3173828
0.052734375 -0.005859375 0.053710938
0.16796875 -0.005859375 0.16894531
-0.296875 -0.0048828125 -0.29589844
-0.23144531 -0.0048828125 -0.23046875
-0.140625 -0.0048828125 -0.13964844
0.07421875 -0.0048828125 0.07519531
0.19042969 -0.0048828125 0.19140625
0.3359375 -0.0048828125 0.33691406
-0.23339844 -0.00390625 -0.23242188
-0.07324219 -0.00390625 -0.072265625
0.2578125 -0.00390625 0.25878906
0.33398438 -0.00390625 0.33496094
-0.29882812 -0.0029296875 -0.29785156
-0.296875 -0.0029296875 -0.29589844
0.072265625 -0.0029296875 0.07324219
0.07421875 -0.0029296875 0.07519531
-0.22070312 -9.765625E-4 -0.21972656
-0.21875 -9.765625E-4 -0.21777344
-0.19238281 -9.765625E-4 -0.19140625
0.14941406 -9.765625E-4 0.15039062
0.3466797 -9.765625E-4 0.34765625
0.3486328 -9.765625E-4 0.34960938
0.375 -9.765625E-4 0.37597656
-0.21679688 0.0 -0.21582031
0.35058594 0.0 0.3515625
-0.3232422 9.765625E-4 -0.32226562
-0.19238281 9.765625E-4 -0.19140625
0.047851562 9.765625E-4 0.048828125
0.375 9.765625E-4 0.37597656
-0.3232422 0.0029296875 -0.32226562
0.047851562 0.0029296875 0.048828125
-0.19238281 0.005859375 -0.19140625
-0.119140625 0.005859375 -0.11816406
0.17578125 0.005859375 0.17675781
0.21191406 0.005859375 0.21289062
0.375 0.005859375 0.37597656
-0.07421875 0.0068359375 -0.07324219
0.25683594 0.0068359375 0.2578125
-0.19238281 0.0078125 -0.19140625
0.375 0.0078125 0.37597656
-0.28222656 0.0087890625 -0.28125
-0.13671875 0.0087890625 -0.13574219
0.08886719 0.0087890625 0.08984375
0.19433594 0.0087890625 0.1953125
-0.19238281 0.009765625 -0.19140625
-0.15625 0.009765625 -0.15527344
0.375 0.009765625 0.37597656
-0.3232422 0.0107421875 -0.32226562
-0.13574219 0.0107421875 -0.13476562
-0.115234375 0.0107421875 -0.11425781
0.047851562 0.0107421875 0.048828125
0.1953125 0.0107421875 0.19628906
0.21582031 0.0107421875 0.21679688
-0.21289062 0.01171875 -0.21191406
-0.09667969 0.01171875 -0.095703125
-0.076171875 0.01171875 -0.07519531
0.234375 0.01171875 0.23535156
0.2548828 0.01171875 0.25585938
0.3544922 0.01171875 0.35546875
-0.3232422 0.0126953125 -0.32226562
-0.30273438 0.0126953125 -0.3017578
-0.22949219 0.0126953125 -0.22851562
0.047851562 0.0126953125 0.048828125
0.068359375 0.0126953125 0.06933594
0.15820312 0.0126953125 0.15917969
0.33789062 0.0126953125 0.3388672
-0.30078125 0.013671875 -0.2998047
-0.25 0.013671875 -0.24902344
0.0703125 0.013671875 0.07128906
0.18066406 0.013671875 0.18164062
0.3173828 0.013671875 0.31835938
-0.2890625 0.0146484375 -0.28808594
-0.07910156 0.0146484375 -0.078125
0.08203125 0.0146484375 0.08300781
0.25195312 0.0146484375 0.2529297
-0.24902344 0.015625 -0.24804688
-0.13183594 0.015625 -0.13085938
-0.1171875 0.015625 -0.11621094
0.19921875 0.015625 0.20019531
0.21386719 0.015625 0.21484375
0.31835938 0.015625 0.31933594
-0.2890625 0.016601562 -0.28808594
-0.17578125 0.016601562 -0.17480469
0.08203125 0.016601562 0.08300781
-0.28027344 0.017578125 -0.27929688
-0.19726562 0.017578125 -0.19628906
-0.1171875 0.017578125 -0.11621094
0.09082031 0.017578125 0.091796875
0.21386719 0.017578125 0.21484375
0.3701172 0.017578125 0.37109375
-0.3203125 0.018554688 -0.31933594
-0.2890625 0.018554688 -0.28808594
-0.17480469 0.018554688 -0.17382812
0.05078125 0.018554688 0.051757812
0.08203125 0.018554688 0.08300781
-0.24511719 0.01953125 -0.24414062
-0.12792969 0.01953125 -0.12695312
-0.1171875 0.01953125 -0.11621094
-0.083984375 0.01953125 -0.08300781
0.18457031 0.01953125 0.18554688
0.203125 0.01953125 0.20410156
0.21386719 0.01953125 0.21484375
0.24707031 0.01953125 0.24804688
0.32226562 0.01953125 0.3232422
-0.28515625 0.020507812 -0.2841797
-0.043945312 0.020507812 -0.04296875
-0.0029296875 0.020507812 -0.001953125
0.0859375 0.020507812 0.08691406
-0.2607422 0.021484375 -0.25976562
-0.20214844 0.021484375 -0.20117188
-0.1171875 0.021484375 -0.11621094
0.11035156 0.021484375 0.111328125
0.16308594 0.021484375 0.1640625
0.21386719 0.021484375 0.21484375
0.36523438 0.021484375 0.36621094
-0.3125 0.022460938 -0.31152344
-0.17089844 0.022460938 -0.16992188
-0.043945312 0.022460938 -0.04296875
-0.0029296875 0.022460938 -0.001953125
0.05859375 0.022460938 0.059570312
-0.2607422 0.0234375 -0.25976562
-0.12109375 0.0234375 -0.12011719
-0.09375 0.0234375 -0.09277344
0.11035156 0.0234375 0.111328125
0.20996094 0.0234375 0.2109375
0.23730469 0.0234375 0.23828125
-0.3125 0.024414062 -0.31152344
-0.15039062 0.024414062 -0.14941406
-0.1484375 0.024414062 -0.14746094
-0.14648438 0.024414062 -0.14550781
-0.043945312 0.024414062 -0.04296875
-0.0029296875 0.024414062 -0.001953125
0.018554688 0.024414062 0.01953125
0.020507812 0.024414062 0.021484375
0.022460938 0.024414062 0.0234375
0.024414062 0.024414062 0.025390625
0.026367188 0.024414062 0.02734375
0.028320312 0.024414062 0.029296875
0.030273438 0.024414062 0.03125
0.032226562 0.024414062 0.033203125
0.034179688 0.024414062 0.03515625
0.036132812 0.024414062 0.037109375
0.038085938 0.024414062 0.0390625
0.05859375 0.024414062 0.059570312
0.17285156 0.024414062 0.17382812
-0.29882812 0.025390625 -0.29785156
-0.296875 0.025390625 -0.29589844
-0.29492188 0.025390625 -0.2939453
-0.21679688 0.025390625 -0.21582031
-0.21484375 0.025390625 -0.21386719
-0.21289062 0.025390625 -0.21191406
0.072265625 0.025390625 0.07324219
0.07421875 0.025390625 0.07519531
0.076171875 0.025390625 0.07714844
0.35058594 0.025390625 0.3515625
0.35253906 0.025390625 0.35351562
0.3544922 0.025390625 0.35546875
-0.21972656 0.026367188 -0.21875
0.34765625 0.026367188 0.3486328
0.18652344 0.06347656 0.1875
0.18847656 0.06347656 0.18945312
0.19042969 0.06347656 0.19140625
0.17089844 0.064453125 0.171875
0.02734375 0.06640625 0.028320312
0.16503906 0.06640625 0.16601562
0.17089844 0.06640625 0.171875
0.19824219 0.06640625 0.19921875
0.11230469 0.06738281 0.11328125
0.16308594 0.06738281 0.1640625
0.08300781 0.068359375 0.083984375
-0.140625 0.06933594 -0.13964844
0.20214844 0.06933594 0.203125
0.15820312 0.07128906 0.15917969
0.1171875 0.072265625 0.11816406
0.1171875 0.07421875 0.11816406
0.20703125 0.07421875 0.20800781
0.061523438 0.07519531 0.0625
0.15429688 0.07519531 0.15527344
0.1171875 0.076171875 0.11816406
0.171875 0.07714844 0.17285156
0.18945312 0.07714844 0.19042969
-0.12890625 0.07910156 -0.12792969
-0.12695312 0.07910156 -0.12597656
-0.11230469 0.07910156 -0.111328125
0.09667969 0.07910156 0.09765625
0.11328125 0.07910156 0.11425781
-0.08984375 0.080078125 -0.08886719
0.0234375 0.080078125 0.024414062
0.15039062 0.080078125 0.15136719
0.2109375 0.080078125 0.21191406
0.16796875 0.08105469 0.16894531
-0.15039062 0.08203125 -0.14941406
0.19335938 0.08203125 0.19433594
-0.095703125 0.08300781 -0.09472656
-0.09375 0.08300781 -0.09277344
-0.091796875 0.08300781 -0.09082031
0.09277344 0.08300781 0.09375
0.1171875 0.08300781 0.11816406
-0.107421875 0.083984375 -0.10644531
0.020507812 0.083984375 0.021484375
-0.13183594 0.08496094 -0.13085938
0.21386719 0.087890625 0.21484375
0.21386719 0.08984375 0.21484375
0.21386719 0.091796875 0.21484375
-0.15332031 0.09277344 -0.15234375
-0.0859375 0.09277344 -0.08496094
0.14648438 0.09277344 0.14746094
-0.15332031 0.09472656 -0.15234375
-0.0859375 0.09472656 -0.08496094
0.14648438 0.09472656 0.14746094
-0.15332031 0.09667969 -0.15234375
-0.0859375 0.09667969 -0.08496094
0.14648438 0.09667969 0.14746094
-0.15332031 0.09863281 -0.15234375
-0.0859375 0.09863281 -0.08496094
0.14648438 0.09863281 0.14746094
0.21386719 0.099609375 0.21484375
0.09375 0.103515625 0.09472656
-0.08691406 0.10449219 -0.0859375
-0.13183594 0.107421875 -0.13085938
-0.034179688 0.107421875 -0.033203125
0.11425781 0.107421875 0.115234375
-0.13183594 0.109375 -0.13085938
-0.10839844 0.109375 -0.107421875
0.16796875 0.109375 0.16894531
0.21289062 0.11035156 0.21386719
-0.109375 0.111328125 -0.10839844
-0.038085938 0.111328125 -0.037109375
-0.14941406 0.11230469 -0.1484375
0.07714844 0.11230469 0.078125
0.15039062 0.11230469 0.15136719
-0.12792969 0.11328125 -0.12695312
-0.1484375 0.11425781 -0.14746094
0.15136719 0.11425781 0.15234375
0.171875 0.11425781 0.17285156
0.19042969 0.115234375 0.19140625
0.2109375 0.115234375 0.21191406
-0.07421875 0.11816406 -0.07324219
0.20800781 0.11816406 0.20898438
-0.14453125 0.119140625 -0.14355469
-0.12988281 0.119140625 -0.12890625
-0.09472656 0.119140625 -0.09375
0.15527344 0.119140625 0.15625
0.16992188 0.119140625 0.17089844
-0.12988281 0.12109375 -0.12890625
-0.037109375 0.12109375 -0.036132812
0.16992188 0.12109375 0.17089844
-0.09765625 0.12207031 -0.09667969
-0.140625 0.123046875 -0.13964844
-0.12988281 0.123046875 -0.12890625
0.08886719 0.123046875 0.08984375
0.107421875 0.123046875 0.10839844
0.15917969 0.123046875 0.16015625
0.16992188 0.123046875 0.17089844
0.203125 0.123046875 0.20410156
-0.0703125 0.12402344 -0.06933594
-0.064453125 0.12402344 -0.06347656
0.018554688 0.12402344 0.01953125
-0.12988281 0.125 -0.12890625
-0.103515625 0.125 -0.10253906
-0.1015625 0.125 -0.10058594
-0.041015625 0.125 -0.040039062
0.16992188 0.125 0.17089844
-0.064453125 0.12597656 -0.06347656
0.018554688 0.12597656 0.01953125
0.06347656 0.12597656 0.064453125
-0.13378906 0.12695312 -0.1328125
0.16601562 0.12695312 0.16699219
0.19335938 0.12695312 0.19433594
-0.109375 0.12792969 -0.10839844
-0.064453125 0.12792969 -0.06347656
-0.032226562 0.12792969 -0.03125
-0.030273438 0.12792969 -0.029296875
-0.028320312 0.12792969 -0.02734375
-0.026367188 0.12792969 -0.025390625
-0.024414062 0.12792969 -0.0234375
-0.022460938 0.12792969 -0.021484375
-0.020507812 0.12792969 -0.01953125
-0.018554688 0.12792969 -0.017578125
-0.016601562 0.12792969 -0.015625
-0.0146484375 0.12792969 -0.013671875
0.018554688 0.12792969 0.01953125
0.06347656 0.12792969 0.064453125
-0.049804688 0.12890625 -0.048828125
-0.047851562 0.12890625 -0.046875
0.09472656 0.13378906 0.095703125
0.1171875 0.13378906 0.11816406
0.13476562 0.13574219 0.13574219
0.09765625 0.13769531 0.09863281
0.11425781 0.13769531 0.115234375
0.078125 0.140625 0.07910156
0.13085938 0.14160156 0.13183594
0.09277344 0.14550781 0.09375
0.12597656 0.14648438 0.12695312
0.09277344 0.14746094 0.09375
0.12207031 0.1484375 0.123046875
0.09277344 0.14941406 0.09375
0.107421875 0.15136719 0.10839844
0.109375 0.15136719 0.11035156
