-0.4326172 -0.08886719 -0.4140625
-0.4326172 -0.051757812 -0.4140625
-0.0068359375 -0.038085938 0.01171875
0.07324219 -0.038085938 0.091796875
0.15136719 -0.018554688 0.16992188
0.22949219 -0.016601562 0.24804688
-0.4326172 -0.0146484375 -0.4140625
-0.0068359375 -9.765625E-4 0.01171875
0.07324219 -9.765625E-4 0.091796875
0.30566406 0.016601562 0.32421875
0.15136719 0.018554688 0.16992188
0.22949219 0.020507812 0.24804688
-0.4326172 0.022460938 -0.4140625
0.07324219 0.036132812 0.091796875
0.30566406 0.053710938 0.32421875
0.15136719 0.055664062 0.16992188
0.22949219 0.057617188 0.24804688
-0.4326172 0.059570312 -0.4140625
-0.35058594 -0.061523438 -0.33398438
-0.2783203 0.0107421875 -0.26171875
0.3779297 0.0107421875 0.39453125
-0.0048828125 0.034179688 0.01171875
-0.12890625 -0.017578125 -0.11328125
0.30273438 -0.017578125 0.31835938
-0.19921875 0.00390625 -0.18359375
0.45703125 0.00390625 0.47265625
-0.078125 0.0390625 -0.0625
-0.3564453 0.030273438 -0.34179688
-0.3486328 0.059570312 -0.33398438
-0.40039062 -0.009765625 -0.38671875
0.01953125 0.068359375 0.033203125
0.076171875 0.068359375 0.08984375
-0.4013672 -0.09667969 -0.38867188
-0.10058594 -0.045898438 -0.087890625
-0.24902344 0.0107421875 -0.23632812
0.40722656 0.0107421875 0.41992188
-0.27441406 0.040039062 -0.26171875
0.38183594 0.040039062 0.39453125
-0.23730469 0.06933594 -0.22460938
-0.11816406 0.06933594 -0.10546875
0.4189453 0.06933594 0.43164062
-0.36914062 -0.091796875 -0.35742188
-0.23828125 -0.046875 -0.2265625
0.41796875 -0.046875 0.4296875
0.27929688 -0.044921875 0.29101562
0.19921875 -0.04296875 0.2109375
-0.203125 -0.0234375 -0.19140625
0.453125 -0.0234375 0.46484375
-0.2734375 -0.01953125 -0.26171875
0.3828125 -0.01953125 0.39453125
-0.375 -0.013671875 -0.36328125
-0.10546875 0.009765625 -0.09375
-0.21289062 0.068359375 -0.20117188
0.44335938 0.068359375 0.45507812
-0.22558594 0.0087890625 -0.21484375
0.43066406 0.0087890625 0.44140625
-0.09082031 0.06542969 -0.080078125
0.14257812 -0.046875 0.15234375
-0.078125 -0.044921875 -0.068359375
-0.35742188 -0.03515625 -0.34765625
-0.26171875 0.0625 -0.25195312
0.39453125 0.0625 0.40429688
-0.21777344 -0.043945312 -0.20898438
0.43847656 -0.043945312 0.44726562
-0.25878906 -0.041992188 -0.25
-0.12207031 -0.041992188 -0.11328125
0.39746094 -0.041992188 0.40625
-0.3701172 0.0068359375 -0.36132812
-0.0048828125 0.059570312 0.00390625
0.041992188 0.06347656 0.05078125
0.21875 -0.044921875 0.2265625
0.29882812 -0.041015625 0.30664062
0.25976562 -0.0390625 0.26757812
-0.0859375 0.013671875 -0.078125
-0.13867188 0.0625 -0.13085938
-0.35058594 -0.08691406 -0.34375
0.18066406 -0.038085938 0.1875
-0.12597656 0.0048828125 -0.119140625
0.15820312 -0.05078125 0.1640625
-0.35546875 0.0078125 -0.34960938
-0.07421875 0.060546875 -0.068359375
-0.34277344 -0.040039062 -0.33789062
-0.20410156 -0.040039062 -0.19921875
0.23144531 -0.040039062 0.23632812
0.45214844 -0.040039062 0.45703125
-0.27246094 -0.036132812 -0.26757812
0.38378906 -0.036132812 0.38867188
-0.35839844 -0.020507812 -0.35351562
-0.07324219 0.018554688 -0.068359375
-0.2763672 0.057617188 -0.27148438
0.3798828 0.057617188 0.38476562
-0.19628906 0.06542969 -0.19140625
0.45996094 0.06542969 0.46484375
9.765625E-4 0.07324219 0.005859375
0.2919922 0.07714844 0.296875
0.3017578 0.07714844 0.30664062
0.31152344 0.07714844 0.31640625
-0.38476562 -0.10546875 -0.38085938
-0.38476562 -0.09765625 -0.38085938
-0.38476562 -0.08984375 -0.38085938
0.15625 -0.041015625 0.16015625
-0.13476562 -0.0390625 -0.13085938
0.31054688 -0.037109375 0.31445312
-0.34375 -0.03125 -0.33984375
0.28320312 -0.029296875 0.28710938
0.17382812 -0.02734375 0.17773438
-0.2890625 -0.009765625 -0.28515625
0.3671875 -0.009765625 0.37109375
-0.3828125 0.001953125 -0.37890625
-0.09765625 0.025390625 -0.09375
0.0546875 0.05859375 0.05859375
-0.140625 0.07421875 -0.13671875
0.3203125 0.076171875 0.32421875
-0.35742188 0.078125 -0.35351562
-0.34960938 0.078125 -0.34570312
-0.34179688 0.078125 -0.33789062
-0.33398438 0.078125 -0.33007812
0.13671875 0.078125 0.140625
0.14453125 0.078125 0.1484375
0.15234375 0.078125 0.15625
0.16015625 0.078125 0.1640625
-0.3544922 -0.09667969 -0.3515625
-0.3408203 -0.08300781 -0.33789062
-0.3701172 -0.07714844 -0.3671875
-0.22363281 -0.055664062 -0.22070312
0.4326172 -0.055664062 0.43554688
-0.2529297 -0.053710938 -0.25
-0.11621094 -0.053710938 -0.11328125
0.4033203 -0.053710938 0.40625
0.2939453 -0.051757812 0.296875
0.2626953 -0.049804688 0.265625
0.18261719 -0.047851562 0.18554688
0.24902344 -0.038085938 0.25195312
-0.3701172 -0.032226562 -0.3671875
-0.21972656 -0.032226562 -0.21679688
-0.07519531 -0.032226562 -0.072265625
0.43652344 -0.032226562 0.43945312
-0.25878906 -0.030273438 -0.25585938
0.39746094 -0.030273438 0.40039062
0.20605469 -0.028320312 0.20898438
0.25097656 -0.028320312 0.25390625
-0.35058594 -0.022460938 -0.34765625
-0.18847656 -0.018554688 -0.18554688
0.46777344 -0.018554688 0.47070312
-0.28808594 -0.016601562 -0.28515625
0.36816406 -0.016601562 0.37109375
-0.11035156 -0.0068359375 -0.107421875
-0.35839844 -9.765625E-4 -0.35546875
-0.13769531 9.765625E-4 -0.13476562
-0.09082031 0.0029296875 -0.087890625
-0.12207031 0.0146484375 -0.119140625
-0.37402344 0.018554688 -0.37109375
-0.2919922 0.030273438 -0.2890625
0.3642578 0.030273438 0.3671875
-0.29003906 0.036132812 -0.28710938
0.36621094 0.036132812 0.36914062
-0.3388672 0.040039062 -0.3359375
-0.25878906 0.045898438 -0.25585938
0.39746094 0.045898438 0.40039062
-0.36621094 0.047851562 -0.36328125
0.0146484375 0.049804688 0.017578125
0.051757812 0.049804688 0.0546875
-0.016601562 0.053710938 -0.013671875
-0.19628906 0.055664062 -0.19335938
0.45996094 0.055664062 0.46289062
-0.07714844 0.06933594 -0.07421875
-0.3310547 0.07128906 -0.328125
-0.19824219 0.07324219 -0.1953125
-0.19238281 0.07324219 -0.18945312
-0.13378906 0.07324219 -0.13085938
0.4580078 0.07324219 0.4609375
0.4638672 0.07324219 0.46679688
-0.25878906 0.07519531 -0.25585938
-0.2529297 0.07519531 -0.25
0.036132812 0.07519531 0.0390625
0.39746094 0.07519531 0.40039062
0.4033203 0.07519531 0.40625
0.16699219 0.07714844 0.16992188
-0.10253906 0.07910156 -0.099609375
0.21386719 0.07910156 0.21679688
0.21972656 0.07910156 0.22265625
0.22558594 0.07910156 0.22851562
0.23144531 0.07910156 0.234375
0.23730469 0.07910156 0.24023438
0.24316406 0.07910156 0.24609375
-0.37890625 -0.107421875 -0.37695312
-0.375 -0.10546875 -0.37304688
-0.37109375 -0.10546875 -0.36914062
-0.34960938 -0.095703125 -0.34765625
-0.34179688 -0.087890625 -0.33984375
-0.3828125 -0.083984375 -0.38085938
-0.0859375 -0.056640625 -0.083984375
-0.21875 -0.0546875 -0.21679688
0.21289062 -0.0546875 0.21484375
0.21679688 -0.0546875 0.21875
0.4375 -0.0546875 0.43945312
-0.2578125 -0.052734375 -0.25585938
-0.12109375 -0.052734375 -0.119140625
0.3984375 -0.052734375 0.40039062
0.29882812 -0.05078125 0.30078125
-0.20703125 -0.048828125 -0.20507812
0.2578125 -0.048828125 0.25976562
0.44921875 -0.048828125 0.45117188
0.22851562 -0.046875 0.23046875
-0.26953125 -0.044921875 -0.26757812
-0.1328125 -0.044921875 -0.13085938
0.38671875 -0.044921875 0.38867188
-0.3359375 -0.04296875 -0.33398438
0.16210938 -0.04296875 0.1640625
0.30859375 -0.04296875 0.31054688
-0.19726562 -0.0390625 -0.1953125
0.16210938 -0.0390625 0.1640625
0.171875 -0.0390625 0.17382812
0.45898438 -0.0390625 0.4609375
-0.27929688 -0.03515625 -0.27734375
-0.140625 -0.03515625 -0.13867188
0.171875 -0.03515625 0.17382812
0.37695312 -0.03515625 0.37890625
-0.08203125 -0.033203125 -0.080078125
0.25 -0.033203125 0.25195312
-0.25390625 -0.03125 -0.25195312
-0.111328125 -0.03125 -0.109375
0.26953125 -0.03125 0.27148438
0.2734375 -0.03125 0.27539062
0.27734375 -0.03125 0.27929688
0.40234375 -0.03125 0.40429688
0.1796875 -0.029296875 0.18164062
0.25585938 -0.029296875 0.2578125
-0.37695312 -0.02734375 -0.375
-0.37304688 -0.02734375 -0.37109375
-0.36914062 -0.02734375 -0.3671875
-0.21679688 -0.02734375 -0.21484375
0.43945312 -0.02734375 0.44140625
-0.34570312 -0.025390625 -0.34375
-0.25976562 -0.025390625 -0.2578125
-0.18945312 -0.025390625 -0.1875
0.39648438 -0.025390625 0.3984375
0.46679688 -0.025390625 0.46875
0.20898438 -0.0234375 0.2109375
0.25 -0.0234375 0.25195312
0.28515625 -0.0234375 0.28710938
-0.28710938 -0.021484375 -0.28515625
-0.25976562 -0.021484375 -0.2578125
0.171875 -0.021484375 0.17382812
0.36914062 -0.021484375 0.37109375
0.39648438 -0.021484375 0.3984375
0.3203125 -0.01953125 0.32226562
0.3203125 -0.015625 0.32226562
-0.36132812 -0.013671875 -0.359375
-0.18945312 -0.013671875 -0.1875
0.46679688 -0.013671875 0.46875
0.3203125 -0.01171875 0.32226562
0.3203125 -0.0078125 0.32226562
-0.10546875 -0.00390625 -0.103515625
0.3203125 -0.00390625 0.32226562
-0.0859375 0.00390625 -0.083984375
-0.13671875 0.005859375 -0.13476562
-0.38085938 0.0078125 -0.37890625
-0.34765625 0.009765625 -0.34570312
-0.076171875 0.01171875 -0.07421875
-0.34765625 0.013671875 -0.34570312
-0.12695312 0.013671875 -0.125
-0.0234375 0.01953125 -0.021484375
-0.234375 0.021484375 -0.23242188
-0.23046875 0.021484375 -0.22851562
-0.2265625 0.021484375 -0.22460938
-0.22265625 0.021484375 -0.22070312
-0.21875 0.021484375 -0.21679688
-0.21484375 0.021484375 -0.21289062
-0.2109375 0.021484375 -0.20898438
-0.20703125 0.021484375 -0.20507812
-0.203125 0.021484375 -0.20117188
-0.19921875 0.021484375 -0.19726562
-0.1953125 0.021484375 -0.19335938
-0.19140625 0.021484375 -0.18945312
-0.1875 0.021484375 -0.18554688
-0.06640625 0.021484375 -0.064453125
0.421875 0.021484375 0.42382812
0.42578125 0.021484375 0.42773438
0.4296875 0.021484375 0.43164062
0.43359375 0.021484375 0.43554688
0.4375 0.021484375 0.43945312
0.44140625 0.021484375 0.44335938
0.4453125 0.021484375 0.44726562
0.44921875 0.021484375 0.45117188
0.453125 0.021484375 0.45507812
0.45703125 0.021484375 0.45898438
0.4609375 0.021484375 0.46289062
0.46484375 0.021484375 0.46679688
0.46875 0.021484375 0.47070312
-0.37304688 0.0234375 -0.37109375
-0.107421875 0.0234375 -0.10546875
-0.103515625 0.0234375 -0.1015625
-0.0234375 0.0234375 -0.021484375
-0.33984375 0.03125 -0.33789062
-0.095703125 0.03125 -0.09375
-0.33984375 0.03515625 -0.33789062
-0.2890625 0.041015625 -0.28710938
0.3671875 0.041015625 0.36914062
-0.2890625 0.044921875 -0.28710938
0.3671875 0.044921875 0.36914062
-0.25976562 0.05078125 -0.2578125
-0.25585938 0.05078125 -0.25390625
0.39648438 0.05078125 0.3984375
0.40039062 0.05078125 0.40234375
-0.3671875 0.052734375 -0.36523438
-0.25 0.052734375 -0.24804688
-0.14257812 0.052734375 -0.140625
0.005859375 0.052734375 0.0078125
0.009765625 0.052734375 0.01171875
0.046875 0.052734375 0.048828125
0.40625 0.052734375 0.40820312
-0.28320312 0.0546875 -0.28125
0.37304688 0.0546875 0.375
-0.36523438 0.056640625 -0.36328125
-0.06640625 0.056640625 -0.064453125
0.060546875 0.056640625 0.0625
-0.103515625 0.05859375 -0.1015625
-0.015625 0.05859375 -0.013671875
-0.36523438 0.060546875 -0.36328125
0.060546875 0.060546875 0.0625
-0.33203125 0.0625 -0.33007812
-0.103515625 0.0625 -0.1015625
-0.27539062 0.064453125 -0.2734375
0.052734375 0.064453125 0.0546875
0.38085938 0.064453125 0.3828125
-0.33203125 0.06640625 -0.33007812
-0.103515625 0.06640625 -0.1015625
-0.103515625 0.0703125 -0.1015625
-0.0078125 0.0703125 -0.005859375
-0.1484375 0.072265625 -0.14648438
-0.26367188 0.07421875 -0.26171875
-0.103515625 0.07421875 -0.1015625
0.041015625 0.07421875 0.04296875
0.39257812 0.07421875 0.39453125
-0.328125 0.078125 -0.32617188
-0.13476562 0.078125 -0.1328125
-0.09765625 0.078125 -0.095703125
-0.09375 0.078125 -0.091796875
-0.08984375 0.078125 -0.087890625
-0.44921875 0.080078125 -0.44726562
-0.4453125 0.080078125 -0.44335938
-0.44140625 0.080078125 -0.43945312
-0.4375 0.080078125 -0.43554688
-0.43359375 0.080078125 -0.43164062
-0.4296875 0.080078125 -0.42773438
-0.42578125 0.080078125 -0.42382812
-0.421875 0.080078125 -0.41992188
-0.41796875 0.080078125 -0.41601562
